1378.812255859375,1487.1136474609375
1328.48681640625,1494.2720947265625
1277.7786865234375,1501.4427490234375
1226.6939697265625,1508.7054443359375
1175.2286376953125,1515.9168701171875
1123.375,1523.2073974609375
1071.2840576171875,1530.5904541015625
1373.8875732421875,1434.9266357421875
1323.4990234375,1441.811767578125
1272.739013671875,1448.7796630859375
1221.5823974609375,1455.8179931640625
1170.0987548828125,1462.9151611328125
1118.179443359375,1469.989013671875
1065.91259765625,1477.146728515625
1368.9410400390625,1382.4962158203125
1318.5283203125,1389.282958984375
1267.67822265625,1396.05908203125
1216.493408203125,1402.87548828125
1164.927490234375,1409.762939453125
1113.0074462890625,1416.6851806640625
1060.6846923828125,1423.6361083984375
1364.0029296875,1330.0081787109375
1313.509033203125,1336.592529296875
1262.648193359375,1343.21142578125
1211.4189453125,1349.8572998046875
1159.811767578125,1356.5499267578125
1107.821044921875,1363.2926025390625
1055.4354248046875,1370.069091796875
1359.009765625,1277.3074951171875
1308.5020751953125,1283.72802734375
1257.5618896484375,1290.1444091796875
1206.28271484375,1296.6435546875
1154.639404296875,1303.177001953125
1102.5982666015625,1309.7235107421875
1050.131103515625,1316.2889404296875
1354.137939453125,1224.7779541015625
1303.49658203125,1230.98486328125
1252.4573974609375,1237.1766357421875
1201.163330078125,1243.4132080078125
1149.466552734375,1249.6815185546875
1097.3350830078125,1256.0130615234375
1044.833984375,1262.4705810546875
1349.103271484375,1172.2684326171875
1298.4710693359375,1178.20947265625
1247.473876953125,1184.300537109375
1196.090087890625,1190.3817138671875
1144.3104248046875,1196.51025390625
1092.1307373046875,1202.6690673828125
1039.6121826171875,1208.8773193359375
1396.499755859375,1628.0771484375
1346.07373046875,1635.2967529296875
1295.285888671875,1642.599365234375
1244.164306640625,1649.8897705078125
1192.7135009765625,1657.2939453125
1140.91455078125,1664.6605224609375
1088.9498291015625,1672.098876953125
1391.6439208984375,1576.266357421875
1341.1361083984375,1583.3131103515625
1290.300537109375,1590.405029296875
1239.146728515625,1597.588623046875
1187.644287109375,1604.807861328125
1135.7950439453125,1612.0257568359375
1083.658447265625,1619.2479248046875
1386.744140625,1524.3056640625
1336.2344970703125,1531.23193359375
1285.2940673828125,1538.1619873046875
1234.0963134765625,1545.1513671875
1182.562255859375,1552.1710205078125
1130.6810302734375,1559.234375
1078.5054931640625,1566.3155517578125
1381.8773193359375,1472.241943359375
1331.2401123046875,1479.015380859375
1280.310546875,1485.783203125
1229.068359375,1492.6329345703125
1177.478271484375,1499.4837646484375
1125.5626220703125,1506.40234375
1073.302734375,1513.3131103515625
1376.9267578125,1419.9495849609375
1326.2769775390625,1426.608642578125
1275.2706298828125,1433.23583984375
1223.98046875,1439.9342041015625
1172.36669921875,1446.6474609375
1120.40283203125,1453.381591796875
1068.085205078125,1460.1392822265625
1372.081787109375,1367.825439453125
1321.32958984375,1374.2744140625
1270.2476806640625,1380.71875
1218.9158935546875,1387.185791015625
1167.272705078125,1393.70166015625
1115.225830078125,1400.309326171875
1062.8475341796875,1406.9129638671875
1367.125,1315.7139892578125
1316.3895263671875,1321.938232421875
1265.28857421875,1328.3116455078125
1213.928955078125,1334.672119140625
1162.1812744140625,1341.046875
1110.099853515625,1347.48486328125
1057.70166015625,1353.9248046875
1343.6962890625,1625.0628662109375
1292.6514892578125,1631.9195556640625
1241.2589111328125,1638.8477783203125
1189.606201171875,1645.8060302734375
1137.6806640625,1652.764892578125
1085.4788818359375,1659.7427978515625
1033.120849609375,1666.77734375
1338.826171875,1573.21240234375
1287.730224609375,1579.9725341796875
1236.289306640625,1586.708984375
1184.5609130859375,1593.484619140625
1132.6134033203125,1600.347900390625
1080.338134765625,1607.1734619140625
1027.8038330078125,1614.01806640625
1333.8839111328125,1521.2276611328125
1282.7171630859375,1527.814697265625
1231.22265625,1534.4154052734375
1179.51171875,1541.0560302734375
1127.5128173828125,1547.738525390625
1075.2021484375,1554.4508056640625
1022.6448974609375,1561.186767578125
1328.937255859375,1469.0960693359375
1277.727294921875,1475.560791015625
1226.2254638671875,1482.0474853515625
1174.4735107421875,1488.573974609375
1122.421142578125,1495.1295166015625
1070.0787353515625,1501.6942138671875
1017.4803466796875,1508.25830078125
1323.9688720703125,1416.7467041015625
1272.721923828125,1423.156494140625
1221.161865234375,1429.50390625
1169.3594970703125,1435.91259765625
1117.299560546875,1442.321533203125
1064.9146728515625,1448.7822265625
1012.22607421875,1455.201171875
1319.0987548828125,1364.5948486328125
1267.7579345703125,1370.775146484375
1216.130859375,1377.00927734375
1164.286865234375,1383.2125244140625
1112.1912841796875,1389.456298828125
1059.717041015625,1395.781494140625
1007.0084228515625,1402.098876953125
1314.1376953125,1312.451171875
1262.7694091796875,1318.4879150390625
1211.16064453125,1324.6168212890625
1159.2608642578125,1330.724853515625
1107.05029296875,1336.862548828125
1054.5836181640625,1343.00244140625
1001.8447265625,1349.2081298828125
1358.693115234375,1564.1357421875
1307.6351318359375,1571.716064453125
1256.1357421875,1579.260986328125
1204.2706298828125,1586.961669921875
1151.970458984375,1594.57080078125
1099.3043212890625,1602.2620849609375
1046.373291015625,1610.0072021484375
1353.117919921875,1510.9676513671875
1302.04345703125,1518.3631591796875
1250.5234375,1525.679443359375
1198.55419921875,1533.0657958984375
1146.2685546875,1540.5596923828125
1093.5626220703125,1548.049072265625
1040.4710693359375,1555.5699462890625
1347.5511474609375,1457.71044921875
1296.4097900390625,1464.8675537109375
1244.832763671875,1471.9923095703125
1192.893798828125,1479.2049560546875
1140.572021484375,1486.4581298828125
1087.822998046875,1493.7564697265625
1034.7164306640625,1501.12353515625
1342.0079345703125,1404.3782958984375
1290.75390625,1411.3125
1239.1981201171875,1418.287841796875
1187.2276611328125,1425.3179931640625
1134.8795166015625,1432.361083984375
1082.10693359375,1439.46337890625
1028.956298828125,1446.5972900390625
1336.357666015625,1350.83740234375
1285.140869140625,1357.681884765625
1233.507080078125,1364.4095458984375
1181.5235595703125,1371.2593994140625
1129.1436767578125,1378.1512451171875
1076.354736328125,1385.0654296875
1023.1381225585938,1391.974853515625
1330.8336181640625,1297.580078125
1279.5379638671875,1304.12109375
1227.82080078125,1310.692626953125
1175.8380126953125,1317.2420654296875
1123.43115234375,1323.87744140625
1070.5728759765625,1330.5985107421875
1017.3428955078125,1337.3380126953125
1325.1905517578125,1244.358642578125
1273.9046630859375,1250.6470947265625
1222.216796875,1257.0677490234375
1170.2071533203125,1263.4813232421875
1117.7607421875,1269.9400634765625
1064.888427734375,1276.404296875
1011.6155395507812,1282.9859619140625
1300.867431640625,1557.8057861328125
1249.586669921875,1564.892333984375
1197.905029296875,1572.049560546875
1145.9608154296875,1579.28076171875
1093.596435546875,1586.434326171875
1040.9036865234375,1593.6962890625
988.0261840820312,1601.038330078125
1295.386474609375,1505.028076171875
1244.057861328125,1511.9649658203125
1192.383056640625,1518.9666748046875
1140.363037109375,1525.975341796875
1088.01806640625,1533.0338134765625
1035.300048828125,1540.095703125
982.2633056640625,1547.2030029296875
1289.8983154296875,1452.27783203125
1238.556396484375,1459.013671875
1186.82568359375,1465.803466796875
1134.7855224609375,1472.645751953125
1082.42041015625,1479.497802734375
1029.693115234375,1486.41259765625
976.6578979492188,1493.347412109375
1284.402587890625,1399.3966064453125
1233.008544921875,1406.0037841796875
1181.283203125,1412.638427734375
1129.236572265625,1419.306640625
1076.8411865234375,1426.0064697265625
1024.0955810546875,1432.7310791015625
971.0338134765625,1439.4991455078125
1278.896728515625,1346.35986328125
1227.46630859375,1352.8404541015625
1175.706298828125,1359.2969970703125
1123.637939453125,1365.821533203125
1071.2333984375,1372.3956298828125
1018.47265625,1378.9541015625
965.3575439453125,1385.509521484375
1273.451904296875,1293.5660400390625
1221.970703125,1299.8385009765625
1170.1451416015625,1306.084228515625
1118.0794677734375,1312.3790283203125
1065.65185546875,1318.6973876953125
1012.8361206054688,1325.115234375
959.684326171875,1331.5364990234375
1267.9259033203125,1240.80615234375
1216.4659423828125,1246.8770751953125
1164.67626953125,1253.032470703125
1112.552490234375,1259.1781005859375
1060.064453125,1265.36376953125
1007.2564697265625,1271.57275390625
954.0884399414062,1277.840087890625
1407.0819091796875,1535.1146240234375
1355.3095703125,1541.894775390625
1303.2574462890625,1548.736328125
1250.9375,1555.6097412109375
1198.2818603515625,1562.4339599609375
1145.3349609375,1569.362060546875
1092.2193603515625,1576.2978515625
1401.5855712890625,1481.9954833984375
1349.8553466796875,1488.663818359375
1297.802734375,1495.3245849609375
1245.42578125,1501.9984130859375
1192.7701416015625,1508.7265625
1139.7799072265625,1515.4840087890625
1086.52685546875,1522.2303466796875
1396.1666259765625,1428.8636474609375
1344.3948974609375,1435.359619140625
1292.2840576171875,1441.8558349609375
1239.9127197265625,1448.39990234375
1187.244140625,1454.9420166015625
1134.2740478515625,1461.53271484375
1080.9901123046875,1468.1788330078125
1390.71630859375,1375.6541748046875
1338.911865234375,1382.00390625
1286.8095703125,1388.3631591796875
1234.4368896484375,1394.7652587890625
1181.7291259765625,1401.197998046875
1128.732666015625,1407.6455078125
1075.4576416015625,1414.107666015625
1385.2484130859375,1322.2628173828125
1333.4407958984375,1328.510009765625
1281.28857421875,1334.74951171875
1228.8961181640625,1340.98876953125
1176.204345703125,1347.3140869140625
1123.1715087890625,1353.6185302734375
1069.8511962890625,1359.9046630859375
1379.849365234375,1269.1544189453125
1327.9593505859375,1275.2066650390625
1275.7896728515625,1281.258544921875
1223.383056640625,1287.308837890625
1170.664794921875,1293.3797607421875
1117.603759765625,1299.5526123046875
1064.249755859375,1305.7271728515625
1374.348388671875,1216.1087646484375
1322.502685546875,1221.9583740234375
1270.3349609375,1227.9169921875
1217.90234375,1233.847900390625
1165.17041015625,1239.816162109375
1112.086669921875,1245.7843017578125
1058.761474609375,1251.811767578125
1379.3155517578125,1654.69384765625
1328.21875,1662.5596923828125
1276.70703125,1670.504638671875
1224.7982177734375,1678.4921875
1172.5006103515625,1686.52099609375
1119.799560546875,1694.607177734375
1066.8184814453125,1702.7333984375
1373.1409912109375,1601.2325439453125
1322.05078125,1608.8826904296875
1270.5501708984375,1616.5997314453125
1218.633544921875,1624.365478515625
1166.3338623046875,1632.220458984375
1113.60009765625,1640.070556640625
1060.498779296875,1647.947265625
1367.0008544921875,1547.715087890625
1315.9034423828125,1555.164794921875
1264.3489990234375,1562.6641845703125
1212.4454345703125,1570.2020263671875
1160.1348876953125,1577.8162841796875
1107.4052734375,1585.4718017578125
1054.302490234375,1593.1553955078125
1360.8756103515625,1494.152099609375
1309.7073974609375,1501.412841796875
1258.191650390625,1508.7137451171875
1206.2886962890625,1516.072509765625
1153.9620361328125,1523.4683837890625
1101.24462890625,1530.8966064453125
1048.1055908203125,1538.3927001953125
1354.669189453125,1440.484619140625
1303.5302734375,1447.5887451171875
1251.98095703125,1454.65478515625
1200.069580078125,1461.824462890625
1147.7684326171875,1469.0345458984375
1095.0272216796875,1476.28515625
1041.8651123046875,1483.5316162109375
1348.6036376953125,1387.039306640625
1297.4007568359375,1393.9105224609375
1245.8011474609375,1400.7999267578125
1193.887939453125,1407.7052001953125
1141.5732421875,1414.644775390625
1088.8226318359375,1421.6810302734375
1035.641845703125,1428.7464599609375
1342.40234375,1333.76318359375
1291.2454833984375,1340.3753662109375
1239.7147216796875,1347.1109619140625
1187.791015625,1353.855224609375
1135.4227294921875,1360.6341552734375
1082.669921875,1367.4461669921875
1029.5140380859375,1374.3043212890625
1464.284912109375,1588.8988037109375
1413.23583984375,1596.16259765625
1361.7757568359375,1603.510986328125
1310.0147705078125,1610.900634765625
1257.8680419921875,1618.260498046875
1205.3739013671875,1625.697021484375
1152.6375732421875,1633.17431640625
1458.26025390625,1535.625244140625
1407.2030029296875,1542.7071533203125
1355.766845703125,1549.8978271484375
1303.9708251953125,1557.0888671875
1251.8343505859375,1564.2684326171875
1199.319091796875,1571.506591796875
1146.444091796875,1578.7806396484375
1452.21435546875,1482.3245849609375
1401.176513671875,1489.2589111328125
1349.690185546875,1496.1881103515625
1297.903564453125,1503.1815185546875
1245.7742919921875,1510.1973876953125
1193.266357421875,1517.2628173828125
1140.42138671875,1524.3720703125
1446.221923828125,1429.00634765625
1395.0965576171875,1435.7576904296875
1343.6627197265625,1442.537109375
1291.886962890625,1449.351806640625
1239.75634765625,1456.201904296875
1187.23828125,1463.061767578125
1134.39404296875,1469.9852294921875
1440.137451171875,1375.5933837890625
1389.0555419921875,1382.2108154296875
1337.5926513671875,1388.759521484375
1285.814453125,1395.4114990234375
1233.6956787109375,1402.1226806640625
1181.1630859375,1408.8310546875
1128.29833984375,1415.5269775390625
1434.17626953125,1322.4332275390625
1383.034912109375,1328.8250732421875
1331.511474609375,1335.21630859375
1279.7674560546875,1341.6060791015625
1227.6370849609375,1348.0517578125
1175.108642578125,1354.6220703125
1122.2252197265625,1361.1832275390625
1428.091064453125,1269.4339599609375
1377.013427734375,1275.58203125
1325.561279296875,1281.8564453125
1273.7933349609375,1288.107421875
1221.64892578125,1294.4122314453125
1169.12353515625,1300.7518310546875
1116.2559814453125,1307.1068115234375
1386.8011474609375,1719.7164306640625
1334.7398681640625,1727.054931640625
1282.3402099609375,1734.4678955078125
1229.6380615234375,1741.8975830078125
1176.627197265625,1749.37451171875
1123.2999267578125,1756.798828125
1069.804443359375,1764.332763671875
1380.891357421875,1666.1151123046875
1328.8284912109375,1673.2960205078125
1276.4501953125,1680.5159912109375
1223.7420654296875,1687.8011474609375
1170.75,1695.1326904296875
1117.3883056640625,1702.42724609375
1063.7777099609375,1709.74267578125
1375.0081787109375,1612.556640625
1322.92333984375,1619.5577392578125
1270.5340576171875,1626.62060546875
1217.8267822265625,1633.6864013671875
1164.823974609375,1640.7972412109375
1111.52197265625,1647.96630859375
1057.9068603515625,1655.1444091796875
1369.0887451171875,1558.906494140625
1317.0123291015625,1565.78271484375
1264.6304931640625,1572.693115234375
1211.95654296875,1579.625
1158.9534912109375,1586.5799560546875
1105.6531982421875,1593.5599365234375
1052.0367431640625,1600.5797119140625
1363.1510009765625,1505.1373291015625
1311.0985107421875,1511.924560546875
1258.6878662109375,1518.6766357421875
1206.010009765625,1525.447265625
1153.0482177734375,1532.2877197265625
1099.7474365234375,1539.1356201171875
1046.1224365234375,1545.9554443359375
1357.31005859375,1451.7137451171875
1305.192626953125,1458.2489013671875
1252.7818603515625,1464.8333740234375
1200.1141357421875,1471.430908203125
1147.16357421875,1477.9886474609375
1093.83642578125,1484.7171630859375
1040.22314453125,1491.4276123046875
1351.3997802734375,1398.3330078125
1299.302978515625,1404.718017578125
1246.942138671875,1411.2005615234375
1194.273681640625,1417.648193359375
1141.29345703125,1424.13330078125
1087.9903564453125,1430.6173095703125
1034.4031982421875,1437.221923828125
1803.6278076171875,1320.7005615234375
1764.1805419921875,1351.91357421875
1724.4580078125,1383.34765625
1684.53564453125,1414.9425048828125
1644.3026123046875,1446.6578369140625
1603.9083251953125,1478.572265625
1563.370361328125,1510.6239013671875
1775.2451171875,1279.104248046875
1735.595703125,1310.2628173828125
1695.70654296875,1341.5908203125
1655.591064453125,1373.146484375
1615.263671875,1404.833984375
1574.650390625,1436.705810546875
1533.831787109375,1468.666015625
1746.688720703125,1237.2762451171875
1706.9154052734375,1268.3907470703125
1666.8167724609375,1299.674072265625
1626.54345703125,1331.1337890625
1586.02685546875,1362.7738037109375
1545.2724609375,1394.5704345703125
1504.3114013671875,1426.5384521484375
1717.960205078125,1195.2376708984375
1677.994384765625,1226.3211669921875
1637.8077392578125,1257.5634765625
1597.369140625,1288.9678955078125
1556.701416015625,1320.5518798828125
1515.80517578125,1352.30126953125
1474.6512451171875,1384.2132568359375
1689.0391845703125,1152.96142578125
1648.94580078125,1184.0255126953125
1608.5701904296875,1215.2078857421875
1567.9925537109375,1246.5555419921875
1527.1920166015625,1278.1065673828125
1486.1259765625,1309.814208984375
1444.79052734375,1341.6551513671875
1660.15576171875,1110.53662109375
1619.8466796875,1141.586669921875
1579.245849609375,1172.7022705078125
1538.5247802734375,1203.99072265625
1497.515380859375,1235.3751220703125
1456.2762451171875,1267.07421875
1414.749267578125,1298.9017333984375
1631.142333984375,1068.2833251953125
1590.673828125,1099.060302734375
1549.986328125,1130.2100830078125
1509.1021728515625,1161.4698486328125
1467.92919921875,1192.8846435546875
1426.5233154296875,1224.457275390625
1384.8953857421875,1256.216796875
1731.0440673828125,1344.458740234375
1690.6085205078125,1375.7598876953125
1649.897705078125,1407.275390625
1608.9931640625,1438.907470703125
1567.92578125,1470.6962890625
1526.5931396484375,1502.5972900390625
1485.2078857421875,1534.5888671875
1701.9969482421875,1302.4764404296875
1661.336669921875,1333.7681884765625
1620.518798828125,1365.2373046875
1579.4739990234375,1396.82421875
1538.2454833984375,1428.568603515625
1496.779052734375,1460.4388427734375
1455.1187744140625,1492.4364013671875
1672.7440185546875,1260.3599853515625
1631.978271484375,1291.5826416015625
1590.97802734375,1322.98291015625
1549.7962646484375,1354.540283203125
1508.43212890625,1386.217041015625
1466.82373046875,1418.0406494140625
1425.0440673828125,1450.005615234375
1643.349609375,1218.025390625
1602.46728515625,1249.2435302734375
1561.355224609375,1280.56591796875
1520.03662109375,1312.0826416015625
1478.5147705078125,1343.722412109375
1436.7882080078125,1375.5068359375
1394.84814453125,1407.4022216796875
1613.812744140625,1175.461669921875
1572.7899169921875,1206.6717529296875
1531.5072021484375,1237.9595947265625
1490.0716552734375,1269.43017578125
1448.445068359375,1301.0263671875
1406.574951171875,1332.781982421875
1364.4708251953125,1364.6290283203125
1584.312744140625,1132.8662109375
1543.0789794921875,1164.026123046875
1501.623291015625,1195.253662109375
1460.0333251953125,1226.5650634765625
1418.24755859375,1258.0859375
1376.1717529296875,1289.846923828125
1333.9310302734375,1321.6529541015625
1554.6885986328125,1090.3511962890625
1513.3228759765625,1121.3065185546875
1471.8045654296875,1152.58447265625
1430.0841064453125,1183.8968505859375
1388.12841796875,1215.3604736328125
1345.94970703125,1247.0233154296875
1303.59912109375,1278.834716796875
1748.8258056640625,1462.3671875
1707.357421875,1494.18310546875
1665.6551513671875,1526.15625
1623.7921142578125,1558.2672119140625
1581.7738037109375,1590.4794921875
1539.537109375,1622.7886962890625
1497.2489013671875,1655.1590576171875
1719.0980224609375,1419.87158203125
1677.4732666015625,1451.665283203125
1635.6275634765625,1483.5950927734375
1593.6575927734375,1515.665283203125
1551.512939453125,1547.869873046875
1509.1429443359375,1580.13330078125
1466.6156005859375,1612.5147705078125
1689.215087890625,1377.26416015625
1647.4678955078125,1409.020263671875
1605.5047607421875,1440.9110107421875
1563.3974609375,1472.9156494140625
1521.1131591796875,1505.038818359375
1478.636474609375,1537.29541015625
1436.0096435546875,1569.641357421875
1659.2080078125,1334.4775390625
1617.33544921875,1366.20166015625
1575.2821044921875,1398.0557861328125
1533.05419921875,1430.03125
1490.6536865234375,1462.1199951171875
1448.065185546875,1494.339599609375
1405.287109375,1526.6295166015625
1629.0321044921875,1291.4315185546875
1587.069580078125,1323.1671142578125
1544.8692626953125,1354.9893798828125
1502.525146484375,1386.9254150390625
1460.0213623046875,1418.9864501953125
1417.3167724609375,1451.1719970703125
1374.3768310546875,1483.446044921875
1598.928466796875,1248.330078125
1556.7530517578125,1280.0631103515625
1514.3931884765625,1311.777587890625
1471.9385986328125,1343.6773681640625
1429.285888671875,1375.6805419921875
1386.404296875,1407.8114013671875
1343.363525390625,1440.05859375
1568.6954345703125,1205.3876953125
1526.3836669921875,1236.9300537109375
1484.015625,1268.693603515625
1441.4141845703125,1300.56005859375
1398.64501953125,1332.4930419921875
1355.6505126953125,1364.6083984375
1312.521484375,1396.8133544921875
1724.7542724609375,1428.6519775390625
1684.470458984375,1460.9835205078125
1643.925048828125,1493.5811767578125
1603.1490478515625,1526.396240234375
1562.04150390625,1559.28564453125
1520.686279296875,1592.4061279296875
1479.2281494140625,1625.64697265625
1694.8946533203125,1386.1337890625
1654.4730224609375,1418.4400634765625
1613.7862548828125,1450.965576171875
1572.7916259765625,1483.6219482421875
1531.5595703125,1516.522216796875
1490.056396484375,1549.5682373046875
1448.3104248046875,1582.80126953125
1664.974365234375,1343.4996337890625
1624.351806640625,1375.7210693359375
1583.460693359375,1408.1439208984375
1542.3189697265625,1440.745849609375
1500.927978515625,1473.5338134765625
1459.277587890625,1506.510009765625
1417.3865966796875,1539.6673583984375
1634.867431640625,1300.66015625
1594.089599609375,1332.8228759765625
1553.06201171875,1365.1654052734375
1511.7646484375,1397.697509765625
1470.23583984375,1430.4088134765625
1428.415283203125,1463.32373046875
1386.345947265625,1496.3990478515625
1604.5845947265625,1257.5545654296875
1563.6651611328125,1289.691162109375
1522.4510498046875,1321.962646484375
1481.0269775390625,1354.4205322265625
1439.3485107421875,1387.080078125
1397.3636474609375,1419.9100341796875
1355.1055908203125,1452.923095703125
1574.331787109375,1214.3966064453125
1533.2117919921875,1246.469482421875
1491.8050537109375,1278.636962890625
1450.183837890625,1310.941162109375
1408.3504638671875,1343.549072265625
1366.1671142578125,1376.304931640625
1323.751220703125,1409.2783203125
1543.9849853515625,1171.399658203125
1502.703369140625,1203.267333984375
1461.1993408203125,1235.3939208984375
1419.46337890625,1267.6746826171875
1377.40478515625,1300.1578369140625
1335.10498046875,1332.8206787109375
1292.544921875,1365.712890625
1679.5107421875,1481.888916015625
1638.8707275390625,1513.9364013671875
1597.9581298828125,1546.16650390625
1556.825439453125,1578.581298828125
1515.49462890625,1611.1541748046875
1473.9578857421875,1643.9068603515625
1432.2481689453125,1676.6885986328125
1649.5284423828125,1439.605712890625
1608.8060302734375,1471.65625
1567.69873046875,1503.7880859375
1526.4322509765625,1536.17333984375
1484.981201171875,1568.6602783203125
1443.2467041015625,1601.3250732421875
1401.3040771484375,1634.088623046875
1619.4913330078125,1397.262451171875
1578.5528564453125,1429.2281494140625
1537.32080078125,1461.303466796875
1495.939697265625,1493.576416015625
1454.3240966796875,1526.010498046875
1412.47021484375,1558.579833984375
1370.410400390625,1591.3072509765625
1589.2908935546875,1354.736328125
1548.2060546875,1386.621337890625
1506.8951416015625,1418.649169921875
1465.371826171875,1450.8681640625
1423.611328125,1483.2333984375
1381.6400146484375,1515.7520751953125
1339.4239501953125,1548.3924560546875
1558.929443359375,1311.9581298828125
1517.7322998046875,1343.83154296875
1476.27880859375,1375.7900390625
1434.611328125,1407.9385986328125
1392.7471923828125,1440.240234375
1350.6268310546875,1472.7149658203125
1308.2515869140625,1505.2935791015625
1528.6414794921875,1269.161376953125
1487.2569580078125,1300.9805908203125
1445.5859375,1332.8555908203125
1403.8035888671875,1364.9033203125
1361.782470703125,1397.089599609375
1319.4620361328125,1429.506591796875
1276.97705078125,1462.0069580078125
1498.248291015625,1226.5206298828125
1456.731689453125,1258.0546875
1415.0205078125,1289.9913330078125
1373.095458984375,1321.9754638671875
1330.909423828125,1354.136962890625
1288.489501953125,1386.4490966796875
1245.901611328125,1418.9246826171875
1847.722412109375,1354.832275390625
1806.487060546875,1386.846435546875
1764.9892578125,1419.069091796875
1723.28662109375,1451.43212890625
1681.3946533203125,1483.945068359375
1639.2830810546875,1516.631591796875
1597.0618896484375,1549.3802490234375
1817.2945556640625,1311.7457275390625
1775.900390625,1343.7080078125
1734.3128662109375,1375.8350830078125
1692.4669189453125,1408.1429443359375
1650.4512939453125,1440.5968017578125
1608.1976318359375,1473.16943359375
1565.73583984375,1505.8775634765625
1786.7264404296875,1268.524169921875
1745.25048828125,1300.42138671875
1703.493896484375,1332.5028076171875
1661.5718994140625,1364.7161865234375
1619.434326171875,1397.0802001953125
1577.056640625,1429.59765625
1534.4959716796875,1462.2388916015625
1756.0771484375,1225.173583984375
1714.4605712890625,1257.033203125
1672.642578125,1289.03125
1630.5972900390625,1321.198486328125
1588.3251953125,1353.483154296875
1545.85546875,1385.9305419921875
1503.14892578125,1418.500732421875
1725.2662353515625,1181.6099853515625
1683.55517578125,1213.4547119140625
1641.597900390625,1245.392333984375
1599.447509765625,1277.4644775390625
1557.093994140625,1309.70556640625
1514.4896240234375,1342.0916748046875
1471.6416015625,1374.59912109375
1694.563720703125,1138.08984375
1652.6641845703125,1169.84130859375
1610.5242919921875,1201.6785888671875
1568.250732421875,1233.6300048828125
1525.7454833984375,1265.8123779296875
1483.0069580078125,1298.1043701171875
1440.0277099609375,1330.552001953125
1663.7559814453125,1094.6885986328125
1621.73681640625,1126.231689453125
1579.5562744140625,1158.07421875
1537.1614990234375,1190.010498046875
1494.5667724609375,1222.0789794921875
1451.7064208984375,1254.314697265625
1408.6646728515625,1286.726806640625
1826.56591796875,1326.729248046875
1787.567138671875,1358.4351806640625
1748.2669677734375,1390.41748046875
1708.7027587890625,1422.556640625
1668.8636474609375,1454.945068359375
1628.717529296875,1487.4825439453125
1588.4317626953125,1520.2230224609375
1796.62939453125,1284.61962890625
1757.4827880859375,1316.2308349609375
1718.0526123046875,1348.0865478515625
1678.3182373046875,1380.149658203125
1638.3345947265625,1412.4207763671875
1598.050537109375,1444.8912353515625
1557.4820556640625,1477.55029296875
1766.6217041015625,1242.3800048828125
1727.3184814453125,1273.881103515625
1687.7071533203125,1305.6402587890625
1647.837646484375,1337.5701904296875
1607.6883544921875,1369.73681640625
1567.254638671875,1402.1116943359375
1526.537841796875,1434.6756591796875
1736.4498291015625,1199.970703125
1697.0166015625,1231.411376953125
1657.27783203125,1263.0623779296875
1617.2623291015625,1294.9071044921875
1576.9842529296875,1326.9593505859375
1536.3953857421875,1359.2410888671875
1495.529296875,1391.7037353515625
1706.13818359375,1157.3721923828125
1666.572021484375,1188.760009765625
1626.658935546875,1220.292724609375
1586.5205078125,1252.0263671875
1546.10107421875,1283.99560546875
1505.3817138671875,1316.16943359375
1464.3255615234375,1348.5345458984375
1675.9359130859375,1114.8507080078125
1636.1436767578125,1146.046875
1596.0166015625,1177.4891357421875
1555.7108154296875,1209.0343017578125
1515.1214599609375,1240.8262939453125
1474.2091064453125,1272.974609375
1433.0185546875,1305.226806640625
1645.6015625,1072.3087158203125
1605.666015625,1103.3612060546875
1565.5013427734375,1134.7266845703125
1525.083251953125,1166.198974609375
1484.304931640625,1197.9703369140625
1443.2518310546875,1229.934326171875
1401.9193115234375,1262.10595703125
1740.8873291015625,1449.786376953125
1700.8223876953125,1481.8887939453125
1660.449462890625,1514.215087890625
1619.8739013671875,1546.7174072265625
1578.9910888671875,1579.3485107421875
1537.8206787109375,1612.16455078125
1496.575439453125,1645.08203125
1710.5037841796875,1407.5126953125
1670.282470703125,1439.5745849609375
1629.7891845703125,1471.7191162109375
1588.995849609375,1504.1092529296875
1548.02978515625,1536.65380859375
1506.76708984375,1569.4141845703125
1465.24462890625,1602.2977294921875
1679.9964599609375,1365.1109619140625
1639.6361083984375,1397.030029296875
1598.9622802734375,1429.1280517578125
1558.0782470703125,1461.4002685546875
1516.9683837890625,1493.8699951171875
1475.575927734375,1526.49560546875
1433.9608154296875,1559.3082275390625
1649.3905029296875,1322.577880859375
1608.8656005859375,1354.4227294921875
1568.1285400390625,1386.4163818359375
1527.110595703125,1418.6224365234375
1485.8638916015625,1450.98828125
1444.356689453125,1483.5345458984375
1402.6058349609375,1516.2335205078125
1618.6322021484375,1279.818359375
1578.0111083984375,1311.634033203125
1537.0982666015625,1343.5498046875
1495.9825439453125,1375.6435546875
1454.6278076171875,1407.9302978515625
1412.976318359375,1440.39111328125
1371.0618896484375,1472.992919921875
1587.9727783203125,1237.104248046875
1547.1640625,1268.7939453125
1506.068603515625,1300.614501953125
1464.8194580078125,1332.62158203125
1423.30126953125,1364.7496337890625
1381.4986572265625,1397.1097412109375
1339.4483642578125,1429.6241455078125
1557.2474365234375,1194.4952392578125
1516.2840576171875,1226.07763671875
1475.153076171875,1257.809814453125
1433.7882080078125,1289.7030029296875
1392.120849609375,1321.7998046875
1350.21826171875,1354.0355224609375
1308.05078125,1386.5064697265625
1810.2554931640625,1521.000732421875
1769.242431640625,1553.4991455078125
1728.0037841796875,1586.177001953125
1686.5225830078125,1619.032958984375
1644.8427734375,1652.0186767578125
1602.8824462890625,1685.1630859375
1560.881103515625,1718.4710693359375
1779.3150634765625,1478.0537109375
1738.1365966796875,1510.461669921875
1696.8232421875,1543.0633544921875
1655.2066650390625,1575.825439453125
1613.4290771484375,1608.7520751953125
1571.3453369140625,1641.824951171875
1529.0654296875,1675.0032958984375
1748.25927734375,1435.020751953125
1707.0264892578125,1467.36328125
1665.5279541015625,1499.85986328125
1623.8128662109375,1532.50439453125
1581.90625,1565.3135986328125
1539.744384765625,1598.296875
1497.372802734375,1631.4217529296875
1717.1357421875,1391.8797607421875
1675.783935546875,1424.15234375
1634.195068359375,1456.5465087890625
1592.40673828125,1489.1495361328125
1550.375244140625,1521.8565673828125
1508.10498046875,1554.7562255859375
1465.6187744140625,1587.777587890625
1685.8814697265625,1348.586181640625
1644.450439453125,1380.810791015625
1602.747802734375,1413.1328125
1560.842041015625,1445.62890625
1518.725830078125,1478.2830810546875
1476.3409423828125,1511.06884765625
1433.7213134765625,1544.0146484375
1654.7528076171875,1305.30712890625
1613.1646728515625,1337.4622802734375
1571.2833251953125,1369.6658935546875
1529.2530517578125,1402.04931640625
1487.008056640625,1434.5694580078125
1444.458740234375,1467.279296875
1401.774658203125,1500.1845703125
1623.5281982421875,1262.23828125
1581.8267822265625,1294.162841796875
1539.9327392578125,1326.344482421875
1497.810302734375,1358.6263427734375
1455.428466796875,1391.07763671875
1412.802001953125,1423.6998291015625
1370.0008544921875,1456.5013427734375
2019.571533203125,1050.4381103515625
1999.544921875,1097.8748779296875
1979.4630126953125,1145.4779052734375
1959.3890380859375,1193.1905517578125
1939.1539306640625,1241.0244140625
1918.8953857421875,1289.0330810546875
1898.6435546875,1337.010498046875
1975.06591796875,1028.96240234375
1954.987060546875,1076.49560546875
1934.7332763671875,1124.2191162109375
1914.512451171875,1172.038330078125
1894.2158203125,1219.9857177734375
1873.8076171875,1268.0789794921875
1853.35546875,1316.249267578125
1930.255126953125,1007.3944702148438
1910.0733642578125,1055.0537109375
1889.72314453125,1102.855224609375
1869.36669921875,1150.7559814453125
1848.9532470703125,1198.8111572265625
1828.4571533203125,1246.986328125
1807.8990478515625,1295.26806640625
1885.18896484375,985.704345703125
1864.85107421875,1033.454833984375
1844.4700927734375,1081.3553466796875
1824.026611328125,1129.3935546875
1803.490966796875,1177.5411376953125
1782.8797607421875,1225.81396484375
1762.2080078125,1274.184814453125
1839.7603759765625,963.8408203125
1819.3746337890625,1011.7302856445312
1798.8553466796875,1059.732177734375
1778.29931640625,1107.8544921875
1757.69091796875,1156.085693359375
1736.9705810546875,1204.4942626953125
1716.1578369140625,1252.98291015625
1794.2564697265625,941.884765625
1773.668701171875,989.8836669921875
1753.0152587890625,1037.969482421875
1732.2822265625,1086.1456298828125
1711.5299072265625,1134.497314453125
1690.6451416015625,1183.0078125
1669.764404296875,1231.6318359375
1748.6396484375,919.9342041015625
1727.83984375,967.988525390625
1707.13818359375,1016.20703125
1686.356689453125,1064.4808349609375
1665.45068359375,1112.958740234375
1644.4930419921875,1161.5555419921875
1623.4776611328125,1210.2425537109375
1939.1741943359375,1137.6500244140625
1918.3414306640625,1186.3045654296875
1897.34033203125,1235.100830078125
1876.3857421875,1283.97412109375
1855.302490234375,1332.9605712890625
1834.2174072265625,1382.0609130859375
1813.0982666015625,1431.1602783203125
1892.767578125,1115.877197265625
1871.85693359375,1164.5909423828125
1850.7567138671875,1213.49072265625
1829.7083740234375,1262.479736328125
1808.4820556640625,1311.5499267578125
1787.246337890625,1360.7373046875
1765.952392578125,1410.0037841796875
1846.1185302734375,1093.98193359375
1825.042724609375,1142.8271484375
1803.89697265625,1191.7864990234375
1782.688720703125,1240.8406982421875
1761.4306640625,1290.0157470703125
1740.09814453125,1339.292724609375
1718.7161865234375,1388.643310546875
1799.2066650390625,1071.9898681640625
1778.0201416015625,1120.9195556640625
1756.7974853515625,1169.9691162109375
1735.508056640625,1219.1385498046875
1714.15478515625,1268.389404296875
1692.7227783203125,1317.7515869140625
1671.23779296875,1367.1868896484375
1751.972900390625,1049.833251953125
1730.724853515625,1098.890625
1709.3673095703125,1148.0362548828125
1687.98876953125,1197.26708984375
1666.5687255859375,1246.599853515625
1645.0504150390625,1296.08154296875
1623.4354248046875,1345.6109619140625
1704.6658935546875,1027.5914306640625
1683.2464599609375,1076.7852783203125
1661.7706298828125,1125.9893798828125
1640.2606201171875,1175.2767333984375
1618.6759033203125,1224.6903076171875
1597.0030517578125,1274.2440185546875
1575.3536376953125,1323.9130859375
1657.2557373046875,1005.435791015625
1635.6722412109375,1054.600341796875
1614.1844482421875,1103.9302978515625
1592.58203125,1153.3424072265625
1570.8873291015625,1202.8355712890625
1549.1495361328125,1252.4759521484375
1527.3592529296875,1302.195556640625
2083.876953125,1065.0677490234375
2063.273681640625,1113.0654296875
2042.4501953125,1161.1680908203125
2021.7001953125,1209.369873046875
2000.841552734375,1257.6591796875
1979.9566650390625,1306.0498046875
1959.03857421875,1354.424072265625
2037.7510986328125,1043.3831787109375
2017.009033203125,1091.4071044921875
1996.1719970703125,1139.5916748046875
1975.3358154296875,1187.8853759765625
1954.358642578125,1236.2540283203125
1933.3560791015625,1284.695556640625
1912.3092041015625,1333.2215576171875
1991.382080078125,1021.6004028320312
1970.5623779296875,1069.727294921875
1949.638671875,1117.972900390625
1928.673583984375,1166.291259765625
1907.666748046875,1214.7222900390625
1886.6041259765625,1263.2471923828125
1865.474365234375,1311.8321533203125
1944.8177490234375,999.7373657226562
1923.9024658203125,1047.9307861328125
1902.9404296875,1096.25341796875
1881.900634765625,1144.638916015625
1860.828857421875,1193.1270751953125
1839.681640625,1241.7286376953125
1818.4678955078125,1290.3724365234375
1897.9627685546875,977.7533569335938
1877.0245361328125,1026.043701171875
1855.93798828125,1074.41796875
1834.8636474609375,1122.88232421875
1813.7371826171875,1171.4189453125
1792.49169921875,1220.10205078125
1771.1728515625,1268.8282470703125
1851.130615234375,955.7020263671875
1830.0098876953125,1004.0772705078125
1808.832275390625,1052.517822265625
1787.6278076171875,1101.0067138671875
1766.3653564453125,1149.599609375
1745.0025634765625,1198.3516845703125
1723.66552734375,1247.180908203125
1804.2191162109375,933.717041015625
1782.96435546875,982.0758056640625
1761.7930908203125,1030.6318359375
1740.513671875,1079.1878662109375
1719.1817626953125,1127.865966796875
1697.76171875,1176.662109375
1676.31201171875,1225.53955078125
1954.766357421875,1117.8348388671875
1935.3680419921875,1165.37451171875
1915.8955078125,1213.0865478515625
1896.338623046875,1260.9599609375
1876.7322998046875,1308.9638671875
1857.052490234375,1357.20068359375
1837.2706298828125,1405.408203125
1909.8082275390625,1096.673583984375
1890.2755126953125,1144.2806396484375
1870.713623046875,1192.091552734375
1851.085205078125,1240.0775146484375
1831.28076171875,1288.181884765625
1811.4296875,1336.4453125
1791.48974609375,1384.86474609375
1864.58203125,1075.4129638671875
1844.9521484375,1123.1229248046875
1825.21044921875,1171.0068359375
1805.396484375,1219.045166015625
1785.5242919921875,1267.2535400390625
1765.5562744140625,1315.612548828125
1745.5299072265625,1364.1014404296875
1819.0980224609375,1054.0294189453125
1799.3297119140625,1101.82470703125
1779.4974365234375,1149.8106689453125
1759.5738525390625,1197.9254150390625
1739.584228515625,1246.220703125
1719.5009765625,1294.65966796875
1699.3150634765625,1343.2255859375
1773.2386474609375,1032.492919921875
1753.4173583984375,1080.4061279296875
1733.43505859375,1128.4637451171875
1713.3997802734375,1176.66357421875
1693.30859375,1225.0233154296875
1673.1051025390625,1273.5843505859375
1652.7835693359375,1322.27099609375
1727.3465576171875,1010.8472900390625
1707.2996826171875,1058.867919921875
1687.1629638671875,1107.003173828125
1666.9814453125,1155.270263671875
1646.705322265625,1203.697265625
1626.3359375,1252.356201171875
1605.8636474609375,1301.09716796875
1681.3448486328125,989.2418823242188
1661.0875244140625,1037.3009033203125
1640.896240234375,1085.5552978515625
1620.63134765625,1133.88330078125
1600.2098388671875,1182.4263916015625
1579.736083984375,1231.1337890625
1559.1990966796875,1279.99072265625
1925.517578125,1086.11376953125
1905.42578125,1134.5665283203125
1885.175048828125,1183.1932373046875
1864.8438720703125,1231.9710693359375
1844.44189453125,1280.884765625
1823.9952392578125,1329.969482421875
1803.50732421875,1379.0677490234375
1878.9527587890625,1064.4100341796875
1858.731689453125,1112.9344482421875
1838.3544921875,1161.605712890625
1817.9708251953125,1210.4722900390625
1797.40869140625,1259.4688720703125
1776.8189697265625,1308.599609375
1756.135009765625,1357.8563232421875
1832.168212890625,1042.5875244140625
1811.7833251953125,1091.1983642578125
1791.2890625,1139.95849609375
1770.760498046875,1188.8670654296875
1750.1317138671875,1237.9139404296875
1729.4530029296875,1287.1302490234375
1708.67578125,1336.4591064453125
1785.1131591796875,1020.7149658203125
1764.6302490234375,1069.3858642578125
1744.0465087890625,1118.2110595703125
1723.408447265625,1167.169921875
1702.6846923828125,1216.295166015625
1681.8817138671875,1265.56298828125
1660.9832763671875,1314.9691162109375
1737.7744140625,998.698486328125
1717.2176513671875,1047.4407958984375
1696.4822998046875,1096.336181640625
1675.7454833984375,1145.368408203125
1654.9302978515625,1194.5487060546875
1634.0098876953125,1243.9024658203125
1612.961669921875,1293.362060546875
1690.42724609375,976.5612182617188
1669.6158447265625,1025.4085693359375
1648.7833251953125,1074.341552734375
1627.8897705078125,1123.44287109375
1606.9085693359375,1172.6627197265625
1585.8233642578125,1222.0921630859375
1564.72216796875,1271.6746826171875
1642.93212890625,954.5218505859375
1621.9940185546875,1003.35205078125
1601.12158203125,1052.396240234375
1580.1103515625,1101.5491943359375
1559.0234375,1150.848388671875
1537.8428955078125,1200.33642578125
1516.6163330078125,1249.9512939453125
1976.3255615234375,1146.3870849609375
1955.8936767578125,1195.0863037109375
1935.3629150390625,1243.95849609375
1914.703369140625,1292.939697265625
1893.9759521484375,1342.035400390625
1873.2686767578125,1391.3118896484375
1852.4599609375,1440.5977783203125
1929.154296875,1124.64697265625
1908.598388671875,1173.3995361328125
1887.923583984375,1222.3302001953125
1867.2255859375,1271.38818359375
1846.3995361328125,1320.549072265625
1825.53955078125,1369.83056640625
1804.5694580078125,1419.2421875
1881.7701416015625,1102.8382568359375
1861.0943603515625,1151.6600341796875
1840.3326416015625,1200.624267578125
1819.52490234375,1249.7110595703125
1798.6339111328125,1298.9415283203125
1777.6629638671875,1348.2901611328125
1756.6300048828125,1397.7269287109375
1834.206298828125,1080.9959716796875
1813.4459228515625,1129.8309326171875
1792.607421875,1178.83642578125
1771.69580078125,1228.0020751953125
1750.70849609375,1277.2666015625
1729.6483154296875,1326.670166015625
1708.5050048828125,1376.1798095703125
1786.36181640625,1058.9561767578125
1765.543701171875,1107.9210205078125
1744.5789794921875,1156.9853515625
1723.584228515625,1206.1734619140625
1702.5263671875,1255.47314453125
1681.3851318359375,1304.9544677734375
1660.1053466796875,1354.5008544921875
1738.5421142578125,1036.9085693359375
1717.5438232421875,1085.939208984375
1696.454833984375,1135.0411376953125
1675.299560546875,1184.237060546875
1654.13330078125,1233.5802001953125
1632.823974609375,1283.1043701171875
1611.43994140625,1332.72314453125
1690.6912841796875,1014.9312744140625
1669.49853515625,1063.942138671875
1648.4007568359375,1113.1329345703125
1627.1898193359375,1162.35791015625
1605.8931884765625,1211.7730712890625
1584.52587890625,1261.3349609375
1563.11328125,1311.0205078125
1972.6072998046875,1090.43701171875
1953.68603515625,1138.7620849609375
1934.5006103515625,1187.30029296875
1915.3359375,1236.1007080078125
1895.9925537109375,1285.04296875
1876.6240234375,1334.2548828125
1857.2286376953125,1383.52099609375
1926.58154296875,1068.9154052734375
1907.452392578125,1117.3175048828125
1888.1390380859375,1165.9366455078125
1868.81982421875,1214.7889404296875
1849.3798828125,1263.8267822265625
1829.835205078125,1313.094970703125
1810.161376953125,1362.5247802734375
1880.26513671875,1047.3231201171875
1860.9586181640625,1095.80322265625
1841.5413818359375,1144.5076904296875
1822.0601806640625,1193.395751953125
1802.467529296875,1242.507568359375
1782.77783203125,1291.80126953125
1763.0147705078125,1341.3221435546875
1833.697265625,1025.6258544921875
1814.255126953125,1074.163818359375
1794.725830078125,1122.9176025390625
1775.1087646484375,1171.8856201171875
1755.3634033203125,1221.066162109375
1735.537841796875,1270.4432373046875
1715.605224609375,1320.0068359375
1786.7750244140625,1003.73486328125
1767.24072265625,1052.393798828125
1747.555908203125,1101.2276611328125
1727.792724609375,1150.2547607421875
1707.9495849609375,1199.4991455078125
1687.9801025390625,1248.962646484375
1667.87353515625,1298.61181640625
1739.811279296875,981.779052734375
1720.0810546875,1030.543701171875
1700.2108154296875,1079.41357421875
1680.257568359375,1128.4658203125
1660.2227783203125,1177.7615966796875
1640.052978515625,1227.312744140625
1619.8604736328125,1277.05712890625
1692.7984619140625,959.90185546875
1672.7808837890625,1008.6075439453125
1652.859375,1057.5963134765625
1632.8031005859375,1106.712646484375
1612.5911865234375,1156.113037109375
1592.29541015625,1205.7071533203125
1571.9417724609375,1255.508544921875
2118.93310546875,1049.271240234375
2100.1611328125,1096.7293701171875
2081.313720703125,1144.427001953125
2062.408935546875,1192.3057861328125
2043.347900390625,1240.3619384765625
2024.232666015625,1288.628173828125
2005.0953369140625,1336.973876953125
2073.327392578125,1028.02783203125
2054.4638671875,1075.5455322265625
2035.48193359375,1123.26416015625
2016.4429931640625,1171.217041015625
1997.2427978515625,1219.29931640625
1977.977294921875,1267.620361328125
1958.6151123046875,1316.08544921875
2027.4930419921875,1006.6699829101562
2008.494873046875,1054.2388916015625
1989.3623046875,1102.01708984375
1970.1673583984375,1149.995361328125
1950.890869140625,1198.1400146484375
1931.5098876953125,1246.4996337890625
1912.05859375,1295.012451171875
1981.435302734375,985.252685546875
1962.3028564453125,1032.8690185546875
1943.0989990234375,1080.697509765625
1923.78125,1128.7022705078125
1904.3907470703125,1176.902587890625
1884.9158935546875,1225.3123779296875
1865.3057861328125,1273.885009765625
1935.0980224609375,963.7235107421875
1915.8988037109375,1011.41162109375
1896.5279541015625,1059.268798828125
1877.11328125,1107.3118896484375
1857.6361083984375,1155.5660400390625
1838.0313720703125,1204.0301513671875
1818.26953125,1252.6650390625
1888.7406005859375,942.070068359375
1869.3408203125,989.7987670898438
1849.8511962890625,1037.739013671875
1830.2855224609375,1085.8232421875
1810.6116943359375,1134.080322265625
1790.8226318359375,1182.6014404296875
1770.98828125,1231.3212890625
1842.401123046875,920.5240478515625
1822.7720947265625,968.2445068359375
1803.2481689453125,1016.2649536132812
1783.5665283203125,1064.3648681640625
1763.75537109375,1112.72314453125
1743.8505859375,1161.26318359375
1723.9136962890625,1209.997802734375
1947.3402099609375,1116.5123291015625
1927.5887451171875,1164.8482666015625
1907.6937255859375,1213.4033203125
1887.6737060546875,1262.1331787109375
1867.5826416015625,1310.9910888671875
1847.4686279296875,1360.063232421875
1827.2681884765625,1409.177001953125
1900.1527099609375,1095.002685546875
1880.23974609375,1143.3656005859375
1860.21533203125,1191.9530029296875
1840.1300048828125,1240.716064453125
1819.9320068359375,1289.614990234375
1799.65283203125,1338.7099609375
1779.2860107421875,1387.9444580078125
1852.861328125,1073.4012451171875
1832.7376708984375,1121.8360595703125
1812.6053466796875,1170.4462890625
1792.3853759765625,1219.2257080078125
1772.1029052734375,1268.167236328125
1751.7093505859375,1317.2874755859375
1731.2381591796875,1366.5335693359375
1805.22705078125,1051.779541015625
1785.0980224609375,1100.2325439453125
1764.8583984375,1148.8538818359375
1744.5494384765625,1197.6644287109375
1724.131591796875,1246.6474609375
1703.658935546875,1295.7908935546875
1683.045654296875,1345.0802001953125
1757.411376953125,1030.001953125
1737.2117919921875,1078.53564453125
1716.8515625,1127.1966552734375
1696.428466796875,1176.01708984375
1675.9439697265625,1225.01611328125
1655.348388671875,1274.2059326171875
1634.614501953125,1323.55029296875
1709.7027587890625,1008.2078247070312
1689.280517578125,1056.7913818359375
1668.754638671875,1105.454345703125
1648.1884765625,1154.29736328125
1627.540771484375,1203.292236328125
1606.76904296875,1252.5169677734375
1585.9847412109375,1301.91650390625
1661.8765869140625,986.5447387695312
1641.2822265625,1035.025146484375
1620.753173828125,1083.786376953125
1600.1160888671875,1132.6395263671875
1579.34326171875,1181.6910400390625
1558.470947265625,1230.9295654296875
1537.5733642578125,1280.3197021484375
2101.91796875,603.8950805664062
2106.56591796875,656.5891723632812
2111.23388671875,709.27783203125
2115.859619140625,761.9537963867188
2120.489013671875,814.58349609375
2125.146240234375,867.1809692382812
2129.70849609375,919.6077270507812
2051.87548828125,607.9464111328125
2056.608154296875,660.728515625
2061.287109375,713.5591430664062
2066.0107421875,766.3566284179688
2070.613525390625,819.135498046875
2075.2353515625,871.8859252929688
2079.839599609375,924.590576171875
2001.603271484375,612.027587890625
2006.333984375,664.9719848632812
2011.0328369140625,717.927978515625
2015.73779296875,770.8665161132812
2020.4293212890625,823.7418212890625
2025.101318359375,876.6090698242188
2029.7178955078125,929.4469604492188
1951.0341796875,616.1566162109375
1955.78857421875,669.2176513671875
1960.5465087890625,722.3092041015625
1965.278564453125,775.3480834960938
1970.017333984375,828.3833618164062
1974.71240234375,881.38134765625
1979.3673095703125,934.32177734375
1900.0927734375,620.2803344726562
1904.9200439453125,673.501953125
1909.681884765625,726.7180786132812
1914.47900390625,779.883056640625
1919.2435302734375,833.0384521484375
1923.9632568359375,886.18310546875
1928.642578125,939.2630615234375
1849.0001220703125,624.3570556640625
1853.8316650390625,677.8222045898438
1858.4969482421875,731.1382446289062
1863.3154296875,784.4430541992188
1868.0731201171875,837.6934204101562
1872.777099609375,891.023193359375
1877.5316162109375,944.2387084960938
1797.8653564453125,628.5318603515625
1802.628662109375,682.0922241210938
1807.48388671875,735.54736328125
1812.3145751953125,788.954833984375
1817.082763671875,842.3955688476562
1821.8497314453125,895.7931518554688
1826.6239013671875,949.1388549804688
2048.753173828125,657.6321411132812
2053.578125,710.5774536132812
2058.322509765625,763.5625610351562
2063.134765625,816.4561767578125
2067.881591796875,869.3518676757812
2072.57373046875,922.258544921875
2077.302978515625,974.9639282226562
1997.6549072265625,662.0552368164062
2002.5091552734375,715.0693969726562
2007.3115234375,768.16162109375
2012.1259765625,821.1620483398438
2016.873291015625,874.1818237304688
2021.6204833984375,927.1791381835938
2026.3253173828125,980.136474609375
1946.3619384765625,666.4522094726562
1951.1932373046875,719.6217041015625
1956.0196533203125,772.8005981445312
1960.8460693359375,825.9253540039062
1965.6512451171875,879.0368041992188
1970.4317626953125,932.1162109375
1975.1754150390625,985.1567993164062
1894.7919921875,670.9260864257812
1899.666748046875,724.1979370117188
1904.5650634765625,777.4664306640625
1909.4039306640625,830.7059326171875
1914.242431640625,883.9133911132812
1919.039794921875,937.0929565429688
1923.8056640625,990.2357788085938
1842.920654296875,675.4034423828125
1847.8795166015625,728.7903442382812
1852.75537109375,782.1649780273438
1857.6302490234375,835.5093383789062
1862.5194091796875,888.7994995117188
1867.3563232421875,942.0862426757812
1872.1309814453125,995.3651733398438
1790.988525390625,679.8172607421875
1795.8966064453125,733.403564453125
1800.7130126953125,786.8593139648438
1805.5699462890625,840.289306640625
1810.4456787109375,893.6819458007812
1815.314453125,947.1245727539062
1820.1337890625,1000.4851684570312
1739.0015869140625,684.3521728515625
1743.8603515625,737.9971313476562
1748.8502197265625,791.5498046875
1753.761474609375,845.0877685546875
1758.666259765625,898.59912109375
1763.514892578125,952.1046752929688
1768.3563232421875,1005.5811157226562
2088.01416015625,702.9249267578125
2092.947509765625,756.5169067382812
2097.83544921875,810.097412109375
2102.70263671875,863.6407470703125
2107.564453125,917.1568603515625
2112.375244140625,970.7249755859375
2117.19921875,1024.07958984375
2035.775146484375,707.6307373046875
2040.7122802734375,761.282958984375
2045.625244140625,814.9501342773438
2050.53076171875,868.5841064453125
2055.396240234375,922.193115234375
2060.237060546875,975.7996215820312
2065.06396484375,1029.39013671875
1983.4185791015625,712.2684326171875
1988.312744140625,766.07666015625
1993.2576904296875,819.8392333984375
1998.1529541015625,873.5401611328125
2003.060791015625,927.2406616210938
2007.9383544921875,980.9060668945312
2012.791015625,1034.5350341796875
1930.7420654296875,717.07958984375
1935.73388671875,770.893310546875
1940.7109375,824.7138061523438
1945.650634765625,878.5198974609375
1950.589111328125,932.2732543945312
1955.470947265625,986.0414428710938
1960.3380126953125,1039.7508544921875
1877.83251953125,721.7850341796875
1882.9071044921875,775.7479248046875
1887.8773193359375,829.626220703125
1892.8372802734375,883.5145263671875
1897.8306884765625,937.33251953125
1902.7718505859375,991.1837158203125
1907.62890625,1044.98486328125
1824.9656982421875,726.4904174804688
1829.9700927734375,780.6121215820312
1834.8966064453125,834.5595092773438
1839.8089599609375,888.4898071289062
1844.77685546875,942.4088134765625
1849.754638671875,996.3585205078125
1854.6268310546875,1050.252197265625
1772.0601806640625,731.29931640625
1777.038330078125,785.4419555664062
1782.08984375,839.4778442382812
1787.0804443359375,893.46484375
1792.0692138671875,947.4752807617188
1797.012451171875,1001.4563598632812
1801.9771728515625,1055.4508056640625
2062.2138671875,581.6279907226562
2067.639404296875,633.2266845703125
2072.923828125,684.9358520507812
2078.302734375,736.6207885742188
2083.657470703125,788.3245239257812
2089.01611328125,840.0407104492188
2094.324951171875,891.6527709960938
2012.997802734375,585.6551513671875
2018.421142578125,637.396484375
2023.7886962890625,689.2048950195312
2029.1944580078125,741.0366821289062
2034.5191650390625,792.8780517578125
2039.83740234375,844.7445068359375
2045.1414794921875,896.616943359375
1963.59716796875,589.7073974609375
1968.95849609375,641.5969848632812
1974.2957763671875,693.56591796875
1979.6768798828125,745.5030517578125
1985.0618896484375,797.4904174804688
1990.4036865234375,849.4810180664062
1995.731201171875,901.4749145507812
1913.809326171875,593.87060546875
1919.2080078125,645.8662109375
1924.6148681640625,697.9284057617188
1930.002197265625,750.0167846679688
1935.3743896484375,802.1112060546875
1940.7587890625,854.236083984375
1946.0758056640625,906.3424072265625
1863.7257080078125,598.0076904296875
1869.16259765625,650.1494140625
1874.5322265625,702.331298828125
1879.9549560546875,754.5330810546875
1885.373046875,806.7525024414062
1890.734375,859.0173950195312
1896.063720703125,911.2932739257812
1813.457275390625,602.0804443359375
1818.8875732421875,654.4550170898438
1824.1788330078125,706.7236328125
1829.5709228515625,759.0663452148438
1834.9420166015625,811.4224853515625
1840.2667236328125,863.843017578125
1845.6622314453125,916.2656860351562
1763.1783447265625,606.2623901367188
1768.4825439453125,658.7152709960938
1773.9505615234375,711.1394653320312
1779.3553466796875,763.5953369140625
1784.734375,816.1021728515625
1790.09814453125,868.6160278320312
1795.483642578125,921.1233520507812
1970.940673828125,675.2205810546875
1976.4432373046875,728.1869506835938
1982.01806640625,781.1887817382812
1987.500244140625,834.2235107421875
1992.9849853515625,887.2644653320312
1998.425048828125,940.3661499023438
2003.881103515625,993.34326171875
1919.63232421875,679.7743530273438
1925.156982421875,732.8497314453125
1930.6468505859375,785.9789428710938
1936.1654052734375,839.1224975585938
1941.6329345703125,892.2939453125
1947.091064453125,945.4866943359375
1952.530029296875,998.690673828125
1868.123779296875,684.3443603515625
1873.5865478515625,737.5748291015625
1879.0863037109375,790.7975463867188
1884.6002197265625,844.054931640625
1890.0758056640625,897.3262329101562
1895.5445556640625,950.6219482421875
1901.0003662109375,1003.9420166015625
1816.2674560546875,689.0140380859375
1821.798095703125,742.3084716796875
1827.3092041015625,795.6392211914062
1832.820556640625,849.00537109375
1838.322021484375,902.3828125
1843.7950439453125,955.783447265625
1849.2447509765625,1009.2015991210938
1764.1402587890625,693.6493530273438
1769.71044921875,747.07861328125
1775.1964111328125,800.5242919921875
1780.718017578125,853.9904174804688
1786.24267578125,907.44140625
1791.7364501953125,960.9808349609375
1797.166015625,1014.525146484375
1711.915283203125,698.2445678710938
1717.43798828125,751.87451171875
1722.8665771484375,805.4019165039062
1728.32666015625,858.9442749023438
1733.8162841796875,912.54541015625
1739.319091796875,966.1846313476562
1744.76611328125,1019.8651733398438
1659.670166015625,702.9290771484375
1665.1026611328125,756.63427734375
1670.6890869140625,810.22607421875
1676.16845703125,863.9193725585938
1681.6412353515625,917.6393432617188
1687.1070556640625,971.3765258789062
1692.561767578125,1025.13720703125
2095.728759765625,541.5034790039062
2101.334228515625,594.3915405273438
2106.99072265625,647.3225708007812
2112.536376953125,700.3005981445312
2118.083740234375,753.3231201171875
2123.689208984375,806.4019165039062
2129.225830078125,859.3740234375
2044.0716552734375,546.01171875
2049.656005859375,598.9932861328125
2055.290283203125,652.0111083984375
2060.888427734375,705.0878295898438
2066.43896484375,758.1986694335938
2071.989990234375,811.3721313476562
2077.51220703125,864.51953125
1992.2364501953125,550.553955078125
1997.83251953125,603.6072998046875
2003.4034423828125,656.7348022460938
2008.9825439453125,709.8880004882812
2014.55908203125,763.0961303710938
2020.120849609375,816.3285522460938
2025.6590576171875,869.5696411132812
1940.192626953125,555.1526489257812
1945.7830810546875,608.2950439453125
1951.3907470703125,661.4765014648438
1956.96923828125,714.7218627929688
1962.5596923828125,768.0017700195312
1968.112060546875,821.319580078125
1973.642333984375,874.6323852539062
1887.8447265625,559.7557983398438
1893.51708984375,612.9789428710938
1899.0736083984375,666.2536010742188
1904.6636962890625,719.57080078125
1910.2716064453125,772.9190063476562
1915.83642578125,826.3198852539062
1921.334716796875,879.7545776367188
1835.5289306640625,564.2965087890625
1841.1134033203125,617.7037353515625
1846.638916015625,671.0260620117188
1852.1495361328125,724.3986206054688
1857.700927734375,777.8411865234375
1863.18505859375,831.35791015625
1868.8021240234375,884.8668823242188
1783.1910400390625,568.9227905273438
1788.7041015625,622.359619140625
1794.30615234375,675.7586669921875
1799.885498046875,729.2584228515625
1805.4248046875,782.7810668945312
1810.9410400390625,836.3518676757812
1816.484130859375,889.9275512695312
1955.01806640625,584.9161987304688
1961.1873779296875,637.3163452148438
1967.3939208984375,689.8440551757812
1973.658203125,742.3782958984375
1979.7928466796875,795.0372924804688
1986.01513671875,847.7440795898438
1992.2103271484375,900.4260864257812
1904.615966796875,589.1461791992188
1910.833984375,641.6448974609375
1917.004638671875,694.2966918945312
1923.186279296875,747.060302734375
1929.3734130859375,799.8445434570312
1935.5400390625,852.7076416015625
1941.6864013671875,905.6148681640625
1853.9774169921875,593.4114379882812
1860.1368408203125,646.0933837890625
1866.270751953125,698.89453125
1872.4449462890625,751.75341796875
1878.63232421875,804.678466796875
1884.7789306640625,857.6764526367188
1890.9271240234375,910.7269897460938
1803.0040283203125,597.7499389648438
1809.158935546875,650.553466796875
1815.329833984375,703.4735717773438
1821.4849853515625,756.4805297851562
1827.6375732421875,809.5577392578125
1833.7939453125,862.6752319335938
1839.9166259765625,915.8809204101562
1751.6427001953125,602.1040649414062
1757.8348388671875,655.0718994140625
1763.9732666015625,708.1243896484375
1770.1309814453125,761.2359008789062
1776.3077392578125,814.427734375
1782.451416015625,867.707275390625
1788.5440673828125,921.0558471679688
1700.1314697265625,606.4114990234375
1706.2877197265625,659.5618286132812
1712.2791748046875,712.7728271484375
1718.4324951171875,765.98779296875
1724.5394287109375,819.320068359375
1730.612548828125,872.7841186523438
1736.7811279296875,926.268798828125
1648.5614013671875,610.8099975585938
1654.590087890625,664.0830688476562
1660.765869140625,717.4050903320312
1666.86572265625,770.7780151367188
1672.9635009765625,824.2405395507812
1679.0341796875,877.8177490234375
1685.1536865234375,931.4286499023438
1986.2757568359375,626.1328125
1992.4486083984375,677.9683227539062
1998.4857177734375,729.9915771484375
2004.6611328125,781.9913940429688
2010.75927734375,834.1024169921875
2016.822998046875,886.2971801757812
2022.9183349609375,938.437255859375
1935.90673828125,630.5972900390625
1942.0111083984375,682.5515747070312
1948.1019287109375,734.6740112304688
1954.2139892578125,786.8197631835938
1960.2572021484375,839.0833129882812
1966.3221435546875,891.3638916015625
1972.3604736328125,943.7227783203125
1885.33642578125,635.0693969726562
1891.3492431640625,687.20654296875
1897.4127197265625,739.4327392578125
1903.4625244140625,791.68017578125
1909.531005859375,844.0253295898438
1915.588134765625,896.4387817382812
1921.6324462890625,948.90478515625
1834.4075927734375,639.682861328125
1840.4527587890625,691.8812255859375
1846.52783203125,744.1944580078125
1852.5826416015625,796.58203125
1858.6341552734375,849.0144653320312
1864.663330078125,901.5381469726562
1870.68017578125,954.112060546875
1783.2047119140625,644.25
1789.291015625,696.570556640625
1795.2996826171875,748.9989013671875
1801.35888671875,801.4732055664062
1807.415771484375,854.0300903320312
1813.4476318359375,906.6728515625
1819.4171142578125,959.3528442382812
1731.9244384765625,648.7728881835938
1737.951171875,701.2686157226562
1743.86572265625,753.8143920898438
1749.90380859375,806.393798828125
1755.8863525390625,859.0332641601562
1761.860107421875,911.8265380859375
1767.8367919921875,964.6295776367188
1680.6016845703125,653.399658203125
1686.5267333984375,705.97900390625
1692.5740966796875,758.613037109375
1698.5321044921875,811.283203125
1704.515625,864.0589599609375
1710.4747314453125,916.930908203125
1716.453125,969.8463134765625
1996.566650390625,551.77734375
2002.73486328125,603.6956176757812
2008.834228515625,655.7968139648438
2014.9281005859375,707.98095703125
2021.092041015625,760.2094116210938
2027.152099609375,812.572998046875
2033.2559814453125,864.8792724609375
1945.4866943359375,556.358154296875
1951.5748291015625,608.3599243164062
1957.6507568359375,660.53857421875
1963.7789306640625,712.8062744140625
1969.816650390625,765.156982421875
1975.8984375,817.583984375
1981.953369140625,870.0723266601562
1894.1849365234375,560.9496459960938
1900.2320556640625,613.07421875
1906.274658203125,665.3416748046875
1912.3446044921875,717.6829223632812
1918.4052734375,770.1087646484375
1924.4547119140625,822.6129760742188
1930.505126953125,875.1974487304688
1842.68310546875,565.5887451171875
1848.7271728515625,617.8026733398438
1854.7713623046875,670.1292724609375
1860.8055419921875,722.568359375
1866.8468017578125,775.0868530273438
1872.87158203125,827.670166015625
1878.878662109375,880.3273315429688
1790.892333984375,570.2617797851562
1796.9698486328125,622.56103515625
1802.9688720703125,674.9848022460938
1808.9779052734375,727.47509765625
1815.0113525390625,780.0681762695312
1821.0380859375,832.763671875
1826.9798583984375,885.5004272460938
1739.1334228515625,574.8521118164062
1745.077880859375,627.3143310546875
1750.9918212890625,679.8207397460938
1756.9871826171875,732.4132080078125
1762.8974609375,785.0408325195312
1768.8984375,837.8480224609375
1774.84130859375,890.693603515625
1687.3306884765625,579.5408325195312
1693.1954345703125,632.051513671875
1699.1826171875,684.6294555664062
1705.129638671875,737.2893676757812
1711.06201171875,790.036865234375
1716.9959716796875,842.9262084960938
1722.9661865234375,895.8136596679688
1801.934326171875,241.6239471435547
1831.102783203125,286.0210266113281
1860.2264404296875,330.2818603515625
1889.2413330078125,374.3509826660156
1918.1864013671875,418.3659973144531
1946.975341796875,462.25927734375
1975.597412109375,505.8406677246094
1759.4515380859375,271.26422119140625
1788.7611083984375,315.6519775390625
1817.9755859375,359.9260559082031
1847.11962890625,404.083251953125
1876.15234375,448.0836181640625
1905.0545654296875,491.95196533203125
1933.8365478515625,535.7083740234375
1716.8458251953125,301.0132751464844
1746.2706298828125,345.4157409667969
1775.6226806640625,389.7135925292969
1804.8436279296875,433.8885803222656
1833.9742431640625,477.91717529296875
1862.996337890625,521.7955322265625
1891.900634765625,565.5572509765625
1674.076416015625,330.88812255859375
1703.6260986328125,375.3188171386719
1733.103515625,419.62200927734375
1762.4678955078125,463.7856140136719
1791.716796875,507.82061767578125
1820.8583984375,551.723876953125
1849.8470458984375,595.472900390625
1631.0311279296875,360.9014587402344
1660.7928466796875,405.3433532714844
1690.3499755859375,449.6473083496094
1719.8392333984375,493.826416015625
1749.2347412109375,537.8588256835938
1778.4884033203125,581.779541015625
1807.594482421875,625.5516967773438
1588.028076171875,390.88397216796875
1617.8594970703125,435.4461364746094
1647.44677734375,479.7853088378906
1677.0482177734375,523.9468994140625
1706.46923828125,568.021728515625
1735.882080078125,611.949462890625
1765.1407470703125,655.72119140625
1545.05126953125,420.9602355957031
1574.9173583984375,465.49945068359375
1604.75537109375,509.7593078613281
1634.4268798828125,553.9557495117188
1664.0106201171875,598.021240234375
1693.4818115234375,641.9719848632812
1722.8629150390625,685.768798828125
1823.887451171875,159.50291442871094
1853.4176025390625,203.83314514160156
1882.8895263671875,248.0342254638672
1912.2789306640625,292.0636901855469
1941.538818359375,336.0897216796875
1970.7823486328125,379.97137451171875
1999.820556640625,423.5787658691406
1781.1092529296875,189.39088439941406
1810.7310791015625,233.64588928222656
1840.2955322265625,277.8653259277344
1869.7698974609375,321.9307556152344
1899.158447265625,365.9285888671875
1928.422607421875,409.81170654296875
1957.6243896484375,453.5852966308594
1738.2381591796875,219.3193817138672
1767.9508056640625,263.5945739746094
1797.6044921875,307.7950134277344
1827.147216796875,351.91259765625
1856.6387939453125,395.8931884765625
1885.9984130859375,439.7837829589844
1915.271240234375,483.5399169921875
1695.2509765625,249.33924865722656
1725.0523681640625,293.6045837402344
1754.83154296875,337.7924499511719
1784.4698486328125,381.9014892578125
1814.0460205078125,425.9092102050781
1843.513671875,469.7951354980469
1872.8699951171875,513.5560302734375
1652.0438232421875,279.4517822265625
1682.027099609375,323.72650146484375
1711.8399658203125,367.9410095214844
1741.5965576171875,412.0379333496094
1771.2890625,456.009033203125
1800.8536376953125,499.8960266113281
1830.2767333984375,543.7007446289062
1608.8519287109375,309.51702880859375
1638.905029296875,353.93182373046875
1668.744140625,398.1392517089844
1698.6031494140625,442.2019958496094
1728.3228759765625,486.2312316894531
1757.9537353515625,530.1463012695312
1787.54833984375,573.8966674804688
1565.7430419921875,339.6055908203125
1595.8345947265625,384.0160827636719
1625.87158203125,428.20001220703125
1655.7880859375,472.27508544921875
1685.5936279296875,516.2711791992188
1715.356201171875,560.1793823242188
1744.9912109375,603.9337158203125
1838.671630859375,178.82130432128906
1868.58544921875,222.87794494628906
1898.4124755859375,266.9361572265625
1928.145751953125,310.88250732421875
1957.782958984375,354.76190185546875
1987.394287109375,398.54986572265625
2016.8504638671875,442.1015930175781
1795.6103515625,209.062744140625
1825.569091796875,253.1060333251953
1855.4359130859375,297.1427917480469
1885.2703857421875,341.0656433105469
1914.9984130859375,384.93804931640625
1944.6583251953125,428.6932678222656
1974.2042236328125,472.40118408203125
1752.4581298828125,239.29135131835938
1782.4910888671875,283.3697814941406
1812.4305419921875,327.40008544921875
1842.309326171875,371.3485412597656
1872.12548828125,415.17864990234375
1901.848388671875,458.9313659667969
1931.48974609375,502.61895751953125
1709.2362060546875,269.61029052734375
1739.3411865234375,313.690185546875
1769.384521484375,357.6877136230469
1799.335693359375,401.60577392578125
1829.2265625,445.4635314941406
1859.015380859375,489.2129821777344
1888.7064208984375,532.8954467773438
1665.833740234375,300.0245056152344
1696.07568359375,344.08392333984375
1726.1461181640625,388.09063720703125
1756.1748046875,431.9937438964844
1786.1568603515625,475.81927490234375
1816.0283203125,519.58642578125
1845.7847900390625,563.2493896484375
1622.485107421875,330.3258056640625
1652.7706298828125,374.5127868652344
1682.8067626953125,418.5177001953125
1712.965087890625,462.4005126953125
1742.9398193359375,506.24432373046875
1772.892333984375,550.0150756835938
1802.706298828125,593.6857299804688
1579.2572021484375,360.6803894042969
1609.55126953125,404.8797302246094
1639.8099365234375,448.78826904296875
1669.943359375,492.6727294921875
1700.0087890625,536.4708862304688
1729.9986572265625,580.261962890625
1759.931884765625,623.87841796875
1917.244384765625,141.36927795410156
1946.7371826171875,185.3702850341797
1976.166015625,229.3070068359375
2005.48486328125,273.154296875
2034.7083740234375,316.9316711425781
2063.926513671875,360.5801696777344
2093.00146484375,403.9680480957031
1875.527099609375,170.71485900878906
1905.1328125,214.73170471191406
1934.6826171875,258.6776123046875
1964.117919921875,302.5788879394531
1993.502685546875,346.36761474609375
2022.7784423828125,390.0416564941406
2051.95556640625,433.64447021484375
1833.7200927734375,200.0658721923828
1863.41796875,244.1864013671875
1893.02783203125,288.220458984375
1922.6033935546875,332.1568298339844
1952.0771484375,375.9687194824219
1981.4482421875,419.69268798828125
2010.71923828125,463.3137512207031
1791.7164306640625,229.63870239257812
1821.5096435546875,273.79522705078125
1851.2562255859375,317.83721923828125
1880.9403076171875,361.8027038574219
1910.5245361328125,405.65673828125
1940.019775390625,449.4141845703125
1969.3741455078125,493.07171630859375
1749.4500732421875,259.36669921875
1779.42431640625,303.5308837890625
1809.2705078125,347.6177978515625
1839.048583984375,391.6094665527344
1868.759521484375,435.4682922363281
1898.3717041015625,479.29412841796875
1927.8385009765625,522.9985961914062
1707.113525390625,289.03839111328125
1737.215087890625,333.36077880859375
1767.0523681640625,377.50372314453125
1796.960693359375,421.5221862792969
1826.683837890625,465.488525390625
1856.4248046875,509.33154296875
1886.0394287109375,553.0408325195312
1664.8460693359375,318.8443603515625
1694.9656982421875,363.1441345214844
1725.069091796875,407.26654052734375
1755.008056640625,451.33111572265625
1784.8946533203125,495.31842041015625
1814.706298828125,539.1981811523438
1844.419189453125,582.9606323242188
1826.93310546875,294.0910949707031
1857.086669921875,338.12054443359375
1887.1011962890625,382.1543884277344
1917.1258544921875,426.0240173339844
1947.0560302734375,469.8340148925781
1976.87255859375,513.6206665039062
2006.58056640625,557.1650390625
1784.37548828125,324.1493225097656
1814.5604248046875,368.2104187011719
1844.7236328125,412.2648010253906
1874.8057861328125,456.1834716796875
1904.7978515625,500.01922607421875
1934.71142578125,543.80712890625
1964.5394287109375,587.5209350585938
1741.6591796875,354.289794921875
1771.9619140625,398.41156005859375
1802.18212890625,442.46221923828125
1832.3424072265625,486.447998046875
1862.4227294921875,530.3206176757812
1892.432861328125,574.1117553710938
1922.356201171875,617.8375244140625
1698.81689453125,384.5757141113281
1729.19287109375,428.7018127441406
1759.544189453125,472.7781066894531
1789.798095703125,516.7698364257812
1819.9705810546875,560.6737060546875
1850.038330078125,604.5108032226562
1880.0452880859375,648.2415771484375
1655.66357421875,414.98822021484375
1686.246826171875,459.14202880859375
1716.6397705078125,503.24578857421875
1746.99267578125,547.2405395507812
1777.2890625,591.1419067382812
1807.4732666015625,635.0010375976562
1837.5242919921875,678.817138671875
1612.6087646484375,445.348876953125
1643.2010498046875,489.65948486328125
1673.6629638671875,533.7293701171875
1704.0235595703125,577.7876586914062
1734.343017578125,621.7735595703125
1764.6439208984375,665.6502075195312
1794.8201904296875,709.4869384765625
1569.5491943359375,475.7737121582031
1600.1644287109375,520.0736083984375
1630.7850341796875,564.1630249023438
1661.266357421875,608.232666015625
1691.698486328125,652.2111206054688
1722.0537109375,696.1596069335938
1752.3497314453125,739.9489135742188
1897.0089111328125,197.1025848388672
1927.315185546875,240.99830627441406
1957.5845947265625,284.83575439453125
1987.845703125,328.60015869140625
2018.00732421875,372.3366394042969
2048.161376953125,415.99652099609375
2078.159912109375,459.47882080078125
1854.2244873046875,227.3192901611328
1884.6173095703125,271.1536560058594
1914.97412109375,315.0376281738281
1945.2957763671875,358.822998046875
1975.5274658203125,402.5767822265625
2005.6785888671875,446.2862854003906
2035.7861328125,489.9150390625
1811.3699951171875,257.5774230957031
1841.8084716796875,301.4817199707031
1872.2252197265625,345.3735046386719
1902.5826416015625,389.1954345703125
1932.891357421875,432.94622802734375
1963.1298828125,476.6670227050781
1993.308349609375,520.2990112304688
1768.39697265625,287.9455261230469
1798.9166259765625,331.84466552734375
1829.4066162109375,375.7411193847656
1859.84130859375,419.58306884765625
1890.2149658203125,463.3509826660156
1920.5230712890625,507.0822448730469
1950.755859375,550.7515869140625
1725.2269287109375,318.3844909667969
1755.8831787109375,362.3427734375
1786.415771484375,406.224609375
1816.9095458984375,450.0882568359375
1847.3604736328125,493.8539123535156
1877.7418212890625,537.6145629882812
1907.99951171875,581.3123779296875
1682.076171875,348.76953125
1712.792236328125,392.8494873046875
1743.3408203125,436.76007080078125
1773.8712158203125,480.6273193359375
1804.310791015625,524.4659423828125
1834.7581787109375,568.2498168945312
1865.1300048828125,611.96728515625
1639.02978515625,379.2544250488281
1669.7191162109375,423.28448486328125
1700.4239501953125,467.1716003417969
1731.0162353515625,511.0460205078125
1761.5723876953125,554.915771484375
1792.0528564453125,598.6849975585938
1822.490234375,642.39013671875
1849.3807373046875,221.06478881835938
1879.44873046875,264.5511779785156
1909.4447021484375,308.0129089355469
1939.3653564453125,351.3905944824219
1969.24560546875,394.7389221191406
1999.1041259765625,437.96240234375
2028.7369384765625,481.04937744140625
1808.095458984375,250.28256225585938
1838.2305908203125,293.822265625
1868.3118896484375,337.3814392089844
1898.349853515625,380.86651611328125
1928.357421875,424.2276306152344
1958.2430419921875,467.557861328125
1988.054443359375,510.829833984375
1766.599365234375,279.65875244140625
1796.8226318359375,323.3293151855469
1827.017333984375,366.9286804199219
1857.1619873046875,410.4557800292969
1887.234130859375,453.89862060546875
1917.215576171875,497.2908935546875
1947.130126953125,540.6061401367188
1724.9136962890625,309.2437744140625
1755.243408203125,352.94384765625
1785.55322265625,396.5936279296875
1815.7977294921875,440.15985107421875
1845.9901123046875,483.70684814453125
1876.0794677734375,527.1365966796875
1906.0836181640625,570.4989013671875
1682.924560546875,338.9673156738281
1713.4464111328125,382.7283935546875
1743.823486328125,426.4466552734375
1774.19189453125,470.07867431640625
1804.468017578125,513.6199951171875
1834.684326171875,557.13134765625
1864.7672119140625,600.5846557617188
1640.8580322265625,368.67218017578125
1671.4505615234375,412.6427917480469
1701.9073486328125,456.3971862792969
1732.3150634765625,500.0933837890625
1762.629638671875,543.7367553710938
1792.9371337890625,587.3577880859375
1823.186767578125,630.825439453125
1598.7811279296875,398.5486145019531
1629.40087890625,442.53326416015625
1660.0380859375,486.3003234863281
1690.565673828125,530.0382690429688
1721.0439453125,573.7526245117188
1751.4501953125,617.3786010742188
1781.7659912109375,660.9471435546875
1918.2918701171875,244.66549682617188
1948.083251953125,287.2850646972656
1977.839111328125,329.8656311035156
2007.536376953125,372.4265441894531
2037.170166015625,414.9228515625
2066.809326171875,457.3759460449219
2096.284423828125,499.6665954589844
1877.3583984375,273.74822998046875
1907.241943359375,316.4005126953125
1937.022705078125,359.08892822265625
1966.815185546875,401.7073974609375
1996.553955078125,444.2428894042969
2026.2010498046875,486.7496643066406
2055.79736328125,529.2517700195312
1836.2679443359375,302.9691467285156
1866.16552734375,345.7109680175781
1896.072509765625,388.435546875
1925.908935546875,431.0868225097656
1955.7083740234375,473.70367431640625
1985.4578857421875,516.252197265625
2015.1251220703125,558.7826538085938
1794.9951171875,332.35015869140625
1824.9954833984375,375.11865234375
1854.9901123046875,417.8833923339844
1884.918212890625,460.5744934082031
1914.8087158203125,503.2375793457031
1944.6142578125,545.8502807617188
1974.37255859375,588.424560546875
1753.4910888671875,361.85540771484375
1783.6431884765625,404.6785888671875
1813.6641845703125,447.4830322265625
1843.6856689453125,490.2271728515625
1873.645263671875,532.9006958007812
1903.5521240234375,575.5736694335938
1933.3709716796875,618.2235107421875
1711.927734375,391.322021484375
1742.145263671875,434.3179626464844
1772.2225341796875,477.170654296875
1802.22998046875,519.9960327148438
1832.2239990234375,562.7324829101562
1862.2005615234375,605.4996337890625
1892.1546630859375,648.1461181640625
1670.4168701171875,420.8822021484375
1700.6229248046875,463.9361572265625
1730.8858642578125,506.76336669921875
1761.0224609375,549.5975952148438
1791.0989990234375,592.40380859375
1821.137451171875,635.1815795898438
1851.1319580078125,677.9043579101562
