1110.2291259765625,1450.080322265625
1057.47314453125,1455.462158203125
1004.6342163085938,1460.7762451171875
951.9059448242188,1466.095703125
899.2445068359375,1471.3504638671875
846.6229858398438,1476.596923828125
794.2391357421875,1481.874755859375
1104.6107177734375,1397.300048828125
1051.773193359375,1402.6298828125
998.968017578125,1407.9852294921875
946.2374267578125,1413.3099365234375
893.5848999023438,1418.6314697265625
840.97607421875,1423.91796875
788.42724609375,1429.2117919921875
1098.98486328125,1344.3992919921875
1046.1678466796875,1349.78173828125
993.3636474609375,1355.150390625
940.6233520507812,1360.50830078125
887.959716796875,1365.84228515625
835.3339233398438,1371.187744140625
782.7803344726562,1376.509033203125
1093.3734130859375,1291.4603271484375
1040.559326171875,1296.8631591796875
987.736572265625,1302.2669677734375
935.0123291015625,1307.66259765625
882.31689453125,1313.037109375
829.7005004882812,1318.412353515625
777.1517333984375,1323.7344970703125
1087.7308349609375,1238.400390625
1034.8670654296875,1243.889892578125
982.0464477539062,1249.2806396484375
929.3221435546875,1254.7001953125
876.663818359375,1260.115966796875
824.0032348632812,1265.4998779296875
771.4293212890625,1270.849609375
1082.20361328125,1185.4554443359375
1029.1619873046875,1190.90478515625
976.38623046875,1196.310791015625
923.6265258789062,1201.723388671875
870.8987426757812,1207.13330078125
818.2499389648438,1212.5640869140625
765.6646728515625,1217.9595947265625
1076.5220947265625,1132.5582275390625
1023.5965576171875,1138.0333251953125
970.7626953125,1143.524658203125
918.0045166015625,1148.993896484375
865.263427734375,1154.4588623046875
812.6103515625,1159.9296875
760.0396118164062,1165.35498046875
1136.4915771484375,1592.99658203125
1084.0867919921875,1597.9110107421875
1031.760986328125,1602.7581787109375
979.60205078125,1607.6324462890625
927.4776611328125,1612.4346923828125
875.4721069335938,1617.2564697265625
823.7257080078125,1622.078857421875
1130.961181640625,1540.5341796875
1078.5360107421875,1545.437255859375
1026.200927734375,1550.3553466796875
974.0208740234375,1555.22705078125
921.9265747070312,1560.1002197265625
869.9343872070312,1564.96630859375
818.0349731445312,1569.7845458984375
1125.41015625,1487.9224853515625
1073.006103515625,1492.907958984375
1020.6908569335938,1497.865234375
968.4823608398438,1502.8221435546875
916.3797607421875,1507.7459716796875
864.3865356445312,1512.645751953125
812.4902954101562,1517.5296630859375
1119.8692626953125,1435.2926025390625
1067.49072265625,1440.3358154296875
1015.1615600585938,1445.36328125
962.945068359375,1450.3740234375
910.8541870117188,1455.34375
858.8257446289062,1460.30078125
806.9403076171875,1465.2431640625
1114.3404541015625,1382.5296630859375
1061.8974609375,1387.6414794921875
1009.5731201171875,1392.684814453125
957.3756713867188,1397.739013671875
905.2833862304688,1402.800537109375
853.24853515625,1407.80859375
801.3316040039062,1412.771484375
1108.8892822265625,1329.837890625
1056.2884521484375,1334.96337890625
1003.9827270507812,1340.015869140625
951.74560546875,1345.0885009765625
899.638916015625,1350.1683349609375
847.5743408203125,1355.2611083984375
795.681884765625,1360.33251953125
1103.2489013671875,1277.251708984375
1050.7720947265625,1282.3599853515625
998.4718627929688,1287.5797119140625
946.2186889648438,1292.716796875
894.076171875,1297.8592529296875
842.0465698242188,1302.9864501953125
790.1411743164062,1308.1031494140625
1086.0926513671875,1587.6427001953125
1034.1983642578125,1592.1700439453125
982.4539794921875,1596.64990234375
930.9068603515625,1601.0618896484375
879.465576171875,1605.5238037109375
828.1689453125,1609.9393310546875
777.1928100585938,1614.36962890625
1080.5777587890625,1535.257080078125
1028.7125244140625,1539.8226318359375
976.9901733398438,1544.3731689453125
925.4244995117188,1548.90283203125
874.0087280273438,1553.41943359375
822.7289428710938,1557.8968505859375
771.6329956054688,1562.3822021484375
1075.132568359375,1482.8358154296875
1023.2620239257812,1487.49267578125
971.55322265625,1492.134765625
919.9861450195312,1496.7431640625
868.5771484375,1501.33740234375
817.3035888671875,1505.8868408203125
766.213134765625,1510.4359130859375
1069.7113037109375,1430.3839111328125
1017.8375244140625,1435.1180419921875
966.1058349609375,1439.827392578125
914.543212890625,1444.5230712890625
863.1162109375,1449.199951171875
811.856201171875,1453.8272705078125
760.7634887695312,1458.4324951171875
1064.2364501953125,1377.7763671875
1012.3319091796875,1382.606689453125
960.6063232421875,1387.3902587890625
909.0670166015625,1392.1397705078125
857.6773071289062,1396.93603515625
806.3599853515625,1401.6456298828125
755.2474365234375,1406.326904296875
1058.8656005859375,1325.2581787109375
1006.8080444335938,1330.1270751953125
955.1351318359375,1334.9559326171875
903.5610961914062,1339.7666015625
852.1419677734375,1344.575927734375
800.8239135742188,1349.39111328125
749.7258911132812,1354.1654052734375
1053.326904296875,1272.849365234375
1001.396240234375,1277.797607421875
949.6866455078125,1282.7586669921875
898.1400146484375,1287.6522216796875
846.7089233398438,1292.5516357421875
795.4269409179688,1297.423828125
744.309326171875,1302.2950439453125
1068.8453369140625,1526.4989013671875
1015.367919921875,1531.8431396484375
961.8742065429688,1537.175048828125
908.4921264648438,1542.501953125
855.1764526367188,1547.7960205078125
801.8624267578125,1553.0816650390625
748.7821655273438,1558.4027099609375
1063.3310546875,1472.7607421875
1009.841552734375,1478.149169921875
956.3983154296875,1483.509521484375
903.0313110351562,1488.8729248046875
849.7053833007812,1494.2025146484375
796.4556274414062,1499.5125732421875
743.245849609375,1504.83056640625
1057.8240966796875,1419.076171875
1004.3818969726562,1424.4656982421875
950.9545288085938,1429.8782958984375
897.5972900390625,1435.2447509765625
844.3028564453125,1440.616455078125
791.0614624023438,1445.9622802734375
737.89599609375,1451.2877197265625
1052.342529296875,1365.38427734375
998.9073486328125,1370.810791015625
945.5029907226562,1376.211669921875
892.1820678710938,1381.632568359375
838.9093627929688,1387.0225830078125
785.6431884765625,1392.4053955078125
732.497802734375,1397.751220703125
1046.8370361328125,1311.5777587890625
993.3661499023438,1317.067138671875
940.0057983398438,1322.4862060546875
886.7086791992188,1327.9122314453125
833.4762573242188,1333.35498046875
780.2247924804688,1338.76513671875
727.0833129882812,1344.13037109375
1041.415771484375,1257.9820556640625
987.8357543945312,1263.414794921875
934.5003051757812,1268.8394775390625
881.2501831054688,1274.238037109375
827.9638671875,1279.6663818359375
774.7476806640625,1285.1298828125
721.6176147460938,1290.5821533203125
1035.8822021484375,1204.4638671875
982.41015625,1209.9556884765625
929.08203125,1215.4307861328125
875.8322143554688,1220.9044189453125
822.581787109375,1226.3563232421875
769.40478515625,1231.827880859375
716.2703247070312,1237.27392578125
1028.96240234375,1518.0166015625
976.450439453125,1522.9822998046875
923.9862670898438,1527.953369140625
871.6849975585938,1532.887451171875
819.4539184570312,1537.7686767578125
767.32080078125,1542.6656494140625
715.4364624023438,1547.583740234375
1023.6571044921875,1465.01123046875
971.1483154296875,1470.0244140625
918.745361328125,1475.0115966796875
866.4417114257812,1480.0023193359375
814.2371215820312,1484.9676513671875
762.152099609375,1489.923095703125
710.1630859375,1494.84033203125
1018.3825073242188,1412.0023193359375
965.890380859375,1417.0692138671875
913.5286254882812,1422.12255859375
861.2523193359375,1427.14208984375
809.0657348632812,1432.162353515625
756.9882202148438,1437.177490234375
705.0474243164062,1442.1439208984375
1013.0995483398438,1359.0032958984375
960.649169921875,1364.112548828125
908.3019409179688,1369.2176513671875
856.0479736328125,1374.3055419921875
803.89208984375,1379.3760986328125
751.8475952148438,1384.4400634765625
699.905517578125,1389.4520263671875
1007.8245239257812,1305.8907470703125
955.3436889648438,1311.12060546875
903.04052734375,1316.2325439453125
850.8187255859375,1321.3603515625
798.7001953125,1326.509765625
746.6431884765625,1331.6031494140625
694.7083740234375,1336.6649169921875
1002.6676635742188,1252.9886474609375
950.0301513671875,1258.1907958984375
897.7833251953125,1263.3382568359375
845.5838623046875,1268.4732666015625
793.4765014648438,1273.62744140625
741.4005737304688,1278.8128662109375
689.5343627929688,1283.9794921875
997.328857421875,1200.2349853515625
944.8546142578125,1205.470458984375
892.5542602539062,1210.722412109375
840.409912109375,1215.9188232421875
788.3030395507812,1221.1317138671875
736.307373046875,1226.3509521484375
684.4423217773438,1231.5396728515625
1119.506103515625,1499.165771484375
1066.402587890625,1503.9677734375
1013.3876953125,1508.7115478515625
960.61376953125,1513.407958984375
907.9456176757812,1518.06640625
855.4434204101562,1522.738525390625
803.2301635742188,1527.3822021484375
1114.2425537109375,1445.3914794921875
1061.1600341796875,1450.2137451171875
1008.21533203125,1455.032958984375
955.4429931640625,1459.82373046875
902.8212280273438,1464.5928955078125
850.3322143554688,1469.315673828125
798.0199584960938,1474.0469970703125
1109.005126953125,1391.6195068359375
1055.9840087890625,1396.50732421875
1003.0634155273438,1401.4100341796875
950.31201171875,1406.2664794921875
897.7171020507812,1411.10009765625
845.2682495117188,1415.92822265625
792.9631958007812,1420.718505859375
1103.7906494140625,1337.87841796875
1050.793701171875,1342.8399658203125
997.9093627929688,1347.7957763671875
945.2071533203125,1352.727294921875
892.6200561523438,1357.640869140625
840.2015991210938,1362.5439453125
787.9299926757812,1367.408203125
1098.55322265625,1284.00146484375
1045.52001953125,1289.092041015625
992.7029418945312,1294.0947265625
940.0255126953125,1299.1097412109375
887.488037109375,1304.1240234375
835.0730590820312,1309.0751953125
782.8262329101562,1313.9991455078125
1093.43994140625,1230.33935546875
1040.28662109375,1235.4520263671875
987.5188598632812,1240.512451171875
934.814697265625,1245.5611572265625
882.3374633789062,1250.60888671875
829.9119873046875,1255.636962890625
777.6842651367188,1260.644775390625
1088.13037109375,1176.8258056640625
1035.152099609375,1181.99365234375
982.349853515625,1187.1729736328125
929.7177124023438,1192.31591796875
877.2041625976562,1197.46728515625
824.8578491210938,1202.582763671875
772.7057495117188,1207.664306640625
1083.8336181640625,1618.3287353515625
1030.1165771484375,1623.651611328125
976.3538208007812,1629.000732421875
922.6959838867188,1634.327880859375
869.08447265625,1639.6104736328125
815.4701538085938,1644.899169921875
762.0734252929688,1650.218505859375
1078.501708984375,1564.21044921875
1024.7584228515625,1569.547607421875
971.1151733398438,1574.8795166015625
917.47119140625,1580.202392578125
863.9044799804688,1585.4984130859375
810.368896484375,1590.8074951171875
756.9003295898438,1596.1231689453125
1073.17919921875,1510.122802734375
1019.5150756835938,1515.495849609375
965.8797607421875,1520.8671875
912.3062133789062,1526.1983642578125
858.7904052734375,1531.51806640625
805.2899169921875,1536.8408203125
751.8723754882812,1542.124755859375
1067.87841796875,1456.1065673828125
1014.2537841796875,1461.4998779296875
960.689208984375,1466.886474609375
907.157958984375,1472.2431640625
853.6471557617188,1477.5924072265625
800.21240234375,1482.9166259765625
746.8300170898438,1488.2506103515625
1062.580322265625,1402.009033203125
1008.9457397460938,1407.47119140625
955.4080200195312,1412.8665771484375
901.9320068359375,1418.239013671875
848.5116577148438,1423.633056640625
795.0942993164062,1428.97900390625
741.731689453125,1434.2923583984375
1057.351318359375,1348.1912841796875
1003.6301879882812,1353.564208984375
950.1627197265625,1358.9932861328125
896.734619140625,1364.325927734375
843.3093872070312,1369.736328125
789.9093017578125,1375.0821533203125
736.5955810546875,1380.498046875
1051.9957275390625,1294.487060546875
998.4297485351562,1299.9071044921875
945.0025634765625,1305.347412109375
891.6128540039062,1310.76806640625
838.21728515625,1316.1728515625
784.8848266601562,1321.58984375
731.6129150390625,1326.9920654296875
1171.811767578125,1555.8603515625
1118.1055908203125,1560.9591064453125
1064.36279296875,1565.976806640625
1010.807373046875,1570.97216796875
957.3340454101562,1575.948974609375
903.9349975585938,1580.893310546875
850.8040161132812,1585.8763427734375
1166.6474609375,1501.63671875
1112.890380859375,1506.7060546875
1059.2794189453125,1511.782958984375
1005.7423706054688,1516.8465576171875
952.3189697265625,1521.8602294921875
898.9900512695312,1526.8746337890625
845.7654418945312,1531.861328125
1161.4375,1447.4373779296875
1107.789306640625,1452.5609130859375
1054.2115478515625,1457.6845703125
1000.7263793945312,1462.788818359375
947.3567504882812,1467.869873046875
894.0704956054688,1472.9281005859375
840.89990234375,1477.9666748046875
1156.278076171875,1393.3262939453125
1102.6739501953125,1398.4957275390625
1049.167724609375,1403.64794921875
995.7241821289062,1408.8001708984375
942.3989868164062,1413.91650390625
889.1627807617188,1419.0087890625
836.0301513671875,1424.0936279296875
1151.0989990234375,1339.1436767578125
1097.513427734375,1344.4000244140625
1044.052490234375,1349.5726318359375
990.6755981445312,1354.7503662109375
937.4193115234375,1359.93798828125
884.212646484375,1365.081787109375
831.0943603515625,1370.1761474609375
1146.0462646484375,1285.172119140625
1092.34228515625,1290.45458984375
1038.958251953125,1295.68359375
985.6203002929688,1300.8135986328125
932.3713989257812,1306.0264892578125
879.200927734375,1311.22412109375
826.1613159179688,1316.4293212890625
1140.7998046875,1231.457763671875
1087.290771484375,1236.734375
1033.9337158203125,1242.029052734375
980.6475830078125,1247.27197265625
927.4329223632812,1252.5216064453125
874.342041015625,1257.7567138671875
821.312255859375,1262.9730224609375
1090.46044921875,1684.1214599609375
1037.109619140625,1688.607421875
983.9129028320312,1693.125
930.8633422851562,1697.646484375
877.9506225585938,1702.1104736328125
825.1605834960938,1706.563720703125
772.656005859375,1711.0428466796875
1085.4996337890625,1629.8648681640625
1032.2342529296875,1634.406494140625
979.0828857421875,1638.9739990234375
926.0968017578125,1643.520263671875
873.2185668945312,1648.0758056640625
820.5177001953125,1652.59619140625
767.9407958984375,1657.0933837890625
1080.5994873046875,1575.6419677734375
1027.3538818359375,1580.291259765625
974.28564453125,1584.926513671875
921.341796875,1589.5391845703125
868.5534057617188,1594.1300048828125
815.8811645507812,1598.7210693359375
763.3797607421875,1603.255859375
1075.712890625,1521.4927978515625
1022.5276489257812,1526.2322998046875
969.506103515625,1530.928955078125
916.6008911132812,1535.61669921875
863.852783203125,1540.26171875
811.2447509765625,1544.9073486328125
758.7982177734375,1549.4898681640625
1070.802001953125,1467.2923583984375
1017.6240234375,1472.1531982421875
964.6439208984375,1476.918701171875
911.8390502929688,1481.64111328125
859.150390625,1486.395751953125
806.56201171875,1491.091796875
754.1676635742188,1495.7493896484375
1065.9881591796875,1413.3607177734375
1012.7330932617188,1418.15673828125
959.8397827148438,1423.026611328125
907.0425415039062,1427.825439453125
854.3934936523438,1432.5819091796875
801.83203125,1437.31396484375
749.5054321289062,1442.1136474609375
1061.04443359375,1359.564208984375
1007.941162109375,1364.46630859375
955.0679321289062,1369.38134765625
902.320556640625,1374.2708740234375
849.6883544921875,1379.130126953125
797.254638671875,1383.997802734375
744.9337768554688,1388.8248291015625
1551.117919921875,1292.219970703125
1507.0927734375,1323.7197265625
1463.1409912109375,1355.231689453125
1419.26318359375,1386.643798828125
1375.41552734375,1418.03076171875
1331.6109619140625,1449.36474609375
1288.03369140625,1480.55126953125
1519.329833984375,1248.1474609375
1475.3690185546875,1279.69677734375
1431.459228515625,1311.197265625
1387.6162109375,1342.634765625
1343.837158203125,1374.0579833984375
1300.0738525390625,1405.4044189453125
1256.3941650390625,1436.683349609375
1487.5823974609375,1204.1392822265625
1443.6884765625,1235.701416015625
1399.8253173828125,1267.2138671875
1356.0423583984375,1298.6783447265625
1312.2821044921875,1330.0830078125
1268.5599365234375,1361.473876953125
1224.92626953125,1392.766845703125
1455.902099609375,1160.1246337890625
1412.0155029296875,1191.7122802734375
1368.2127685546875,1223.2327880859375
1324.4671630859375,1254.7257080078125
1280.7314453125,1286.152587890625
1237.0484619140625,1317.5693359375
1193.4697265625,1348.8636474609375
1424.10205078125,1116.0589599609375
1380.25048828125,1147.705810546875
1336.4588623046875,1179.228759765625
1292.7398681640625,1210.7049560546875
1249.125244140625,1242.1639404296875
1205.4654541015625,1273.5963134765625
1161.860595703125,1304.92626953125
1392.51318359375,1072.1497802734375
1348.5386962890625,1103.7979736328125
1304.7906494140625,1135.3294677734375
1261.0953369140625,1166.8087158203125
1217.4490966796875,1198.2440185546875
1173.84912109375,1229.6839599609375
1130.3092041015625,1261.0518798828125
1360.8695068359375,1028.3648681640625
1317.0347900390625,1059.9920654296875
1273.304443359375,1091.598876953125
1229.6732177734375,1123.0927734375
1186.0816650390625,1154.572509765625
1142.5252685546875,1186.005126953125
1099.05029296875,1217.4136962890625
1467.907470703125,1315.0491943359375
1423.9930419921875,1346.3582763671875
1380.1348876953125,1377.6640625
1336.4339599609375,1408.85498046875
1292.79052734375,1439.9725341796875
1249.20849609375,1471.0126953125
1205.896240234375,1501.9000244140625
1436.223876953125,1270.8394775390625
1392.3966064453125,1302.2110595703125
1348.6456298828125,1333.512939453125
1304.9798583984375,1364.7369384765625
1261.37109375,1395.9019775390625
1217.9049072265625,1426.9681396484375
1174.5345458984375,1457.9287109375
1404.6431884765625,1226.70361328125
1360.879150390625,1258.0938720703125
1317.1925048828125,1289.4212646484375
1273.574951171875,1320.6912841796875
1230.067138671875,1351.8729248046875
1186.645751953125,1382.957763671875
1143.3538818359375,1413.9791259765625
1373.0667724609375,1182.642578125
1329.38134765625,1214.0491943359375
1285.761474609375,1245.383056640625
1242.2359619140625,1276.6571044921875
1198.79541015625,1307.89892578125
1155.440673828125,1339.010009765625
1112.19482421875,1370.050537109375
1341.447021484375,1138.504638671875
1297.7908935546875,1169.9979248046875
1254.230224609375,1201.3154296875
1210.785888671875,1232.640869140625
1167.46630859375,1263.87646484375
1124.1351318359375,1295.0367431640625
1080.9395751953125,1326.1026611328125
1310.0576171875,1094.54833984375
1266.2987060546875,1126.0732421875
1222.8531494140625,1157.416015625
1179.4464111328125,1188.7021484375
1136.095947265625,1219.9498291015625
1092.863037109375,1251.1514892578125
1049.7451171875,1282.2413330078125
1278.6522216796875,1050.7501220703125
1235.0439453125,1082.2757568359375
1191.6378173828125,1113.7080078125
1148.3209228515625,1145.0146484375
1105.066650390625,1176.317138671875
1061.88232421875,1207.5264892578125
1018.8826293945312,1238.6715087890625
1463.78369140625,1437.5582275390625
1419.3468017578125,1468.9814453125
1375.00048828125,1500.3350830078125
1330.8250732421875,1531.52880859375
1286.7301025390625,1562.6395263671875
1242.7630615234375,1593.649169921875
1199.0858154296875,1624.468505859375
1431.81787109375,1392.5186767578125
1387.4576416015625,1423.9979248046875
1343.205078125,1455.354736328125
1299.12353515625,1486.609130859375
1255.138916015625,1517.7625732421875
1211.277099609375,1548.8060302734375
1167.5721435546875,1579.739501953125
1399.934814453125,1347.5167236328125
1355.662353515625,1379.056640625
1311.5235595703125,1410.459228515625
1267.51220703125,1441.77978515625
1223.6376953125,1472.9345703125
1179.879150390625,1504.0491943359375
1136.2574462890625,1535.02197265625
1368.102783203125,1302.621337890625
1323.9521484375,1334.1544189453125
1279.8778076171875,1365.620849609375
1235.9483642578125,1396.9578857421875
1192.1815185546875,1428.215576171875
1148.496337890625,1459.312744140625
1104.9700927734375,1490.3448486328125
1336.227783203125,1257.6627197265625
1292.1190185546875,1289.302978515625
1248.1365966796875,1320.771240234375
1204.3414306640625,1352.1424560546875
1160.677978515625,1383.436767578125
1117.0584716796875,1414.6187744140625
1073.624267578125,1445.6383056640625
1304.571533203125,1212.9532470703125
1260.4210205078125,1244.59423828125
1216.5489501953125,1276.041015625
1172.8157958984375,1307.478515625
1129.203125,1338.757568359375
1085.704345703125,1369.993896484375
1042.3367919921875,1401.0802001953125
1272.953125,1168.3582763671875
1228.9747314453125,1200.0496826171875
1185.193603515625,1231.583251953125
1141.560791015625,1263.0316162109375
1098.031494140625,1294.38720703125
1054.6497802734375,1325.63720703125
1011.4180297851562,1356.794189453125
1435.368896484375,1401.760009765625
1390.7440185546875,1433.8253173828125
1346.0657958984375,1465.8658447265625
1301.4853515625,1497.8321533203125
1256.899658203125,1529.7437744140625
1212.3531494140625,1561.6419677734375
1168.0078125,1593.4207763671875
1403.1910400390625,1356.859619140625
1358.590087890625,1388.920166015625
1314.0029296875,1420.9407958984375
1269.4434814453125,1452.9254150390625
1224.9254150390625,1484.8426513671875
1180.4698486328125,1516.740966796875
1136.035400390625,1548.58203125
1371.059814453125,1312.0338134765625
1326.539306640625,1344.0791015625
1281.9791259765625,1376.105712890625
1237.4925537109375,1408.070068359375
1193.039794921875,1440.001220703125
1148.62646484375,1471.8988037109375
1104.2440185546875,1503.739501953125
1339.0,1267.2391357421875
1294.5013427734375,1299.2825927734375
1250.0018310546875,1331.2899169921875
1205.57958984375,1363.2708740234375
1161.1839599609375,1395.205322265625
1116.790283203125,1427.0947265625
1072.5135498046875,1458.919677734375
1306.8349609375,1222.409912109375
1262.383056640625,1254.493408203125
1217.94140625,1286.47705078125
1173.5750732421875,1318.4464111328125
1129.2783203125,1350.3851318359375
1084.947998046875,1382.291015625
1040.6898193359375,1414.1102294921875
1274.9635009765625,1177.7657470703125
1230.4012451171875,1209.8575439453125
1186.027587890625,1241.7874755859375
1141.6754150390625,1273.7342529296875
1097.3719482421875,1305.66845703125
1053.1005859375,1337.549072265625
1008.8890380859375,1369.374755859375
1243.03271484375,1133.380126953125
1198.629150390625,1165.34814453125
1154.322021484375,1197.3582763671875
1110.022216796875,1229.2802734375
1065.79443359375,1261.2135009765625
1021.5763549804688,1293.083984375
977.45166015625,1324.9342041015625
1401.8135986328125,1455.385986328125
1357.70556640625,1486.8424072265625
1313.60986328125,1518.2489013671875
1269.6099853515625,1549.560791015625
1225.670654296875,1580.812255859375
1181.7650146484375,1612.0274658203125
1138.104736328125,1643.10791015625
1370.1939697265625,1410.7818603515625
1326.1143798828125,1442.2613525390625
1282.1112060546875,1473.64990234375
1238.188232421875,1504.98583984375
1194.3177490234375,1536.277099609375
1150.5299072265625,1567.468017578125
1106.830322265625,1598.5968017578125
1338.63671875,1366.2772216796875
1294.6402587890625,1397.738037109375
1250.71923828125,1429.1632080078125
1206.866943359375,1460.5211181640625
1163.091064453125,1491.780517578125
1119.373291015625,1522.99609375
1075.7496337890625,1554.119384765625
1307.125732421875,1321.8175048828125
1263.2012939453125,1353.3028564453125
1219.36474609375,1384.7239990234375
1175.5888671875,1416.072265625
1131.89306640625,1447.3463134765625
1088.2613525390625,1478.5645751953125
1044.727294921875,1509.7081298828125
1275.5780029296875,1277.35498046875
1231.7216796875,1308.8839111328125
1187.95068359375,1340.278076171875
1144.248779296875,1371.634033203125
1100.6910400390625,1402.94287109375
1057.13427734375,1434.1669921875
1013.6132202148438,1465.3077392578125
1244.30615234375,1233.0726318359375
1200.375732421875,1264.64013671875
1156.6700439453125,1295.9674072265625
1113.085693359375,1327.372314453125
1069.52197265625,1358.6435546875
1026.0006103515625,1389.8541259765625
982.6478271484375,1421.0611572265625
1213.01904296875,1189.096923828125
1169.2657470703125,1220.5552978515625
1125.6488037109375,1251.9808349609375
1082.102294921875,1283.2972412109375
1038.64111328125,1314.61328125
995.2533569335938,1345.862060546875
951.9393310546875,1377.0555419921875
1547.99560546875,1328.3704833984375
1502.606689453125,1360.6337890625
1457.2398681640625,1392.8616943359375
1412.008544921875,1424.9813232421875
1366.863525390625,1457.031982421875
1321.841064453125,1488.968994140625
1277.04443359375,1520.7476806640625
1515.5030517578125,1282.557373046875
1470.198974609375,1314.864013671875
1424.9527587890625,1347.06884765625
1379.842529296875,1379.2054443359375
1334.81396484375,1411.27099609375
1289.903076171875,1443.233154296875
1245.0838623046875,1475.0784912109375
1483.1346435546875,1236.8748779296875
1437.9161376953125,1269.188232421875
1392.8040771484375,1301.4129638671875
1347.7938232421875,1333.5450439453125
1302.8763427734375,1365.6134033203125
1258.0335693359375,1397.5821533203125
1213.3389892578125,1429.4666748046875
1450.829345703125,1191.30517578125
1405.7171630859375,1223.596435546875
1360.7332763671875,1255.8367919921875
1315.8345947265625,1287.9827880859375
1270.978271484375,1320.0645751953125
1226.291748046875,1352.056884765625
1181.6707763671875,1383.9437255859375
1418.52197265625,1145.7452392578125
1373.4847412109375,1178.1297607421875
1328.5523681640625,1210.3109130859375
1283.771728515625,1242.4716796875
1239.1044921875,1274.5489501953125
1194.4464111328125,1306.5633544921875
1149.9072265625,1338.4342041015625
1386.4923095703125,1100.4366455078125
1341.4244384765625,1132.835205078125
1296.5977783203125,1165.0277099609375
1251.889892578125,1197.15087890625
1207.244140625,1229.1922607421875
1162.69384765625,1261.22705078125
1118.309326171875,1293.1246337890625
1354.4619140625,1055.438232421875
1309.569091796875,1087.7332763671875
1264.87109375,1120.0020751953125
1220.292724609375,1152.0765380859375
1175.75048828125,1184.21826171875
1131.351318359375,1216.2554931640625
1087.0732421875,1248.1551513671875
1556.904541015625,1298.7955322265625
1512.3385009765625,1330.875
1467.7833251953125,1362.9576416015625
1423.2359619140625,1395.0262451171875
1378.657470703125,1427.06591796875
1334.1304931640625,1459.0880126953125
1289.738037109375,1491.00537109375
1524.71484375,1254.1507568359375
1480.2330322265625,1286.2088623046875
1435.734619140625,1318.2490234375
1391.24462890625,1350.26025390625
1346.7750244140625,1382.269775390625
1302.2733154296875,1414.2646484375
1257.7841796875,1446.2344970703125
1492.6236572265625,1209.598876953125
1448.214599609375,1241.604736328125
1403.7822265625,1273.6214599609375
1359.3653564453125,1305.5989990234375
1314.958251953125,1337.5679931640625
1270.484619140625,1369.5380859375
1226.1046142578125,1401.466552734375
1460.626953125,1165.156005859375
1416.2447509765625,1197.1014404296875
1371.885986328125,1229.064453125
1327.5233154296875,1261.021728515625
1283.18212890625,1292.9688720703125
1238.7857666015625,1324.9117431640625
1194.4473876953125,1356.808349609375
1428.56884765625,1120.6805419921875
1384.25634765625,1152.68505859375
1339.9091796875,1184.5743408203125
1295.62451171875,1216.4534912109375
1251.3604736328125,1248.3831787109375
1207.026123046875,1280.284423828125
1162.7109375,1312.1240234375
1396.815185546875,1076.4423828125
1352.3956298828125,1108.4169921875
1308.12158203125,1140.2796630859375
1263.863037109375,1172.0950927734375
1219.6082763671875,1203.9063720703125
1175.304931640625,1235.7938232421875
1131.1126708984375,1267.640625
1365.0518798828125,1032.46044921875
1320.7718505859375,1064.3271484375
1276.55224609375,1096.167236328125
1232.345947265625,1128.009521484375
1188.1771240234375,1159.818359375
1143.98828125,1191.645263671875
1099.8089599609375,1223.463134765625
1462.7291259765625,1424.3817138671875
1418.2857666015625,1456.134033203125
1373.8115234375,1487.892822265625
1329.45751953125,1519.5140380859375
1285.09326171875,1551.128173828125
1240.7510986328125,1582.720703125
1196.6256103515625,1614.1912841796875
1430.94873046875,1379.56005859375
1386.567138671875,1411.3084716796875
1342.23193359375,1443.001708984375
1297.925537109375,1474.6422119140625
1253.6580810546875,1506.2362060546875
1209.438232421875,1537.8065185546875
1165.25830078125,1569.306396484375
1399.2723388671875,1334.84326171875
1354.99853515625,1366.5595703125
1310.7314453125,1398.24365234375
1266.5172119140625,1429.896728515625
1222.3231201171875,1461.457275390625
1178.200927734375,1493.0008544921875
1134.1248779296875,1524.4888916015625
1367.71484375,1290.2496337890625
1323.4991455078125,1321.950439453125
1279.28955078125,1353.5816650390625
1235.18505859375,1385.2049560546875
1191.1077880859375,1416.792724609375
1147.055419921875,1448.2960205078125
1103.05810546875,1479.7498779296875
1336.09765625,1245.6558837890625
1291.9549560546875,1277.3790283203125
1247.8392333984375,1308.9801025390625
1203.8201904296875,1340.5653076171875
1159.859375,1372.135009765625
1115.8656005859375,1403.6455078125
1071.9256591796875,1435.0556640625
1304.76953125,1201.4072265625
1260.58203125,1233.0323486328125
1216.57080078125,1264.595458984375
1172.612548828125,1296.1614990234375
1128.68994140625,1327.6578369140625
1084.757080078125,1359.118896484375
1041.01318359375,1390.60009765625
1273.4976806640625,1157.234130859375
1229.4765625,1188.9232177734375
1185.544921875,1220.466064453125
1141.6651611328125,1251.9871826171875
1097.814697265625,1283.48779296875
1054.0433349609375,1314.9600830078125
1010.3272705078125,1346.3743896484375
1511.14404296875,1500.5648193359375
1465.867919921875,1532.5955810546875
1420.615234375,1564.583251953125
1375.472900390625,1596.4786376953125
1330.410400390625,1628.299560546875
1285.3697509765625,1660.087890625
1240.5859375,1691.7154541015625
1478.9876708984375,1454.676513671875
1433.812255859375,1486.721923828125
1388.6649169921875,1518.66064453125
1343.6466064453125,1550.5413818359375
1298.68212890625,1582.3583984375
1253.7694091796875,1614.1204833984375
1208.98193359375,1645.77783203125
1446.94921875,1408.9222412109375
1401.86669921875,1440.94189453125
1356.8707275390625,1472.912353515625
1311.9515380859375,1504.76953125
1267.091796875,1536.5889892578125
1222.322265625,1568.3133544921875
1177.624267578125,1599.962158203125
1415.0174560546875,1363.302001953125
1370.0535888671875,1395.3076171875
1325.174560546875,1427.2733154296875
1280.3394775390625,1459.14208984375
1235.60400390625,1490.9158935546875
1190.9432373046875,1522.6636962890625
1146.38525390625,1554.2772216796875
1383.0693359375,1317.716064453125
1338.2073974609375,1349.7569580078125
1293.39453125,1381.6419677734375
1248.697021484375,1413.5267333984375
1204.1304931640625,1445.318603515625
1159.54736328125,1477.0277099609375
1115.0504150390625,1508.638671875
1351.4512939453125,1272.451904296875
1306.529296875,1304.427734375
1261.8865966796875,1336.3240966796875
1217.2718505859375,1368.158203125
1172.7122802734375,1399.8905029296875
1128.2674560546875,1431.606689453125
1083.9508056640625,1463.2230224609375
1319.86865234375,1227.4053955078125
1275.1568603515625,1259.396728515625
1230.5687255859375,1291.278564453125
1186.09814453125,1323.0751953125
1141.7081298828125,1354.834716796875
1097.3592529296875,1386.5489501953125
1053.1494140625,1418.169189453125
1769.0875244140625,1009.8403930664062
1746.2808837890625,1060.2138671875
1723.4464111328125,1110.549072265625
1700.6636962890625,1160.8494873046875
1677.86572265625,1211.112548828125
1655.1083984375,1261.2847900390625
1632.444580078125,1311.2874755859375
1718.4736328125,987.1275634765625
1695.7271728515625,1037.4638671875
1672.967041015625,1087.746826171875
1650.240966796875,1138.0120849609375
1627.5096435546875,1188.1968994140625
1604.801513671875,1238.3392333984375
1582.1129150390625,1288.4207763671875
1667.9925537109375,964.4702758789062
1645.311767578125,1014.7432250976562
1622.6051025390625,1064.99560546875
1599.919921875,1115.1956787109375
1577.24365234375,1165.3458251953125
1554.592041015625,1215.4161376953125
1531.9488525390625,1265.4674072265625
1617.6180419921875,941.8360595703125
1594.9666748046875,992.056396484375
1572.3043212890625,1042.2569580078125
1549.6964111328125,1092.4295654296875
1527.065673828125,1142.51416015625
1504.4527587890625,1192.59033203125
1481.867431640625,1242.5604248046875
1567.1387939453125,919.2183837890625
1544.56787109375,969.4591064453125
1521.927001953125,1019.5686645507812
1499.35888671875,1069.6732177734375
1476.8536376953125,1119.7255859375
1454.25048828125,1169.748046875
1431.6754150390625,1219.66455078125
1517.0322265625,896.59326171875
1494.3724365234375,946.8975830078125
1471.797119140625,996.96240234375
1449.2628173828125,1047.0123291015625
1426.7000732421875,1096.9842529296875
1404.179443359375,1146.962646484375
1381.6807861328125,1196.863525390625
1467.072509765625,874.3041381835938
1444.4903564453125,924.3978271484375
1421.987548828125,974.453857421875
1399.4635009765625,1024.4400634765625
1376.9814453125,1074.388427734375
1354.554443359375,1124.3270263671875
1332.0867919921875,1174.150634765625
1648.7008056640625,1101.745849609375
1625.543701171875,1152.8338623046875
1602.4095458984375,1203.883056640625
1579.3470458984375,1254.806640625
1556.29150390625,1305.67041015625
1533.256103515625,1356.43994140625
1510.3529052734375,1406.9786376953125
1597.4892578125,1078.518310546875
1574.4404296875,1129.5418701171875
1551.4083251953125,1180.494384765625
1528.430908203125,1231.3636474609375
1505.4541015625,1282.173583984375
1482.516357421875,1332.869873046875
1459.6058349609375,1383.46533203125
1546.492431640625,1055.357177734375
1523.5421142578125,1106.3096923828125
1500.5997314453125,1157.188720703125
1477.7005615234375,1207.984375
1454.802734375,1258.71240234375
1431.93798828125,1309.3575439453125
1409.0958251953125,1359.8857421875
1495.6622314453125,1032.24267578125
1472.7750244140625,1083.1290283203125
1449.9114990234375,1133.9383544921875
1427.07373046875,1184.6707763671875
1404.2601318359375,1235.3289794921875
1381.4979248046875,1285.9134521484375
1358.758544921875,1336.3814697265625
1444.8187255859375,1009.1629638671875
1422.0042724609375,1060.021728515625
1399.1800537109375,1110.7213134765625
1376.42138671875,1161.4127197265625
1353.753662109375,1211.957763671875
1331.037841796875,1262.495361328125
1308.30322265625,1312.8914794921875
1394.3753662109375,986.1887817382812
1371.4766845703125,1037.0240478515625
1348.790771484375,1087.6591796875
1326.0706787109375,1138.24072265625
1303.374755859375,1188.7103271484375
1280.7264404296875,1239.1585693359375
1258.2093505859375,1289.519287109375
1344.0963134765625,963.43896484375
1321.355224609375,1014.1030883789062
1298.7059326171875,1064.6824951171875
1276.08642578125,1115.20068359375
1253.53271484375,1165.6177978515625
1230.98681640625,1215.9981689453125
1208.4761962890625,1266.2808837890625
1817.887939453125,1025.3953857421875
1794.661865234375,1076.5537109375
1771.4591064453125,1127.65625
1748.29443359375,1178.6536865234375
1725.1505126953125,1229.579345703125
1702.0328369140625,1280.38916015625
1679.0638427734375,1330.9697265625
1766.498291015625,1002.268310546875
1743.3953857421875,1053.3348388671875
1720.3016357421875,1104.337890625
1697.2327880859375,1155.2666015625
1674.2154541015625,1206.10205078125
1651.2418212890625,1256.8280029296875
1628.2532958984375,1307.434814453125
1715.353515625,979.2302856445312
1692.3741455078125,1030.20263671875
1669.364013671875,1081.128662109375
1646.387939453125,1131.9722900390625
1623.4722900390625,1182.69384765625
1600.572265625,1233.34033203125
1577.70751953125,1283.892578125
1664.4156494140625,956.2714233398438
1641.499755859375,1007.1736450195312
1618.6011962890625,1057.994140625
1595.7354736328125,1108.758544921875
1572.91748046875,1159.39892578125
1550.0894775390625,1209.9468994140625
1527.2904052734375,1260.3973388671875
1613.4722900390625,933.3434448242188
1590.64599609375,984.2135620117188
1567.8095703125,1034.929443359375
1545.0596923828125,1085.5906982421875
1522.3721923828125,1136.1339111328125
1499.6258544921875,1186.6270751953125
1476.8834228515625,1236.992431640625
1563.0240478515625,910.517578125
1540.1435546875,961.3944702148438
1517.44921875,1012.0167846679688
1494.7232666015625,1062.55712890625
1472.03564453125,1112.994140625
1449.3746337890625,1163.424560546875
1426.79931640625,1213.705078125
1512.7723388671875,888.0322875976562
1490.0450439453125,938.617919921875
1467.4302978515625,989.21533203125
1444.8123779296875,1039.6812744140625
1422.2313232421875,1090.0572509765625
1399.7098388671875,1140.366455078125
1377.2120361328125,1190.543701171875
1704.1422119140625,1081.13525390625
1681.5218505859375,1131.2315673828125
1658.9144287109375,1181.32373046875
1636.331298828125,1231.3826904296875
1613.740966796875,1281.450927734375
1591.13671875,1331.4735107421875
1568.6187744140625,1381.3519287109375
1653.861572265625,1058.62646484375
1631.3330078125,1108.629150390625
1608.780517578125,1158.652587890625
1586.2396240234375,1208.64013671875
1563.673095703125,1258.629150390625
1541.12255859375,1308.5963134765625
1518.5567626953125,1358.5244140625
1603.7840576171875,1036.1251220703125
1581.2998046875,1086.0758056640625
1558.780517578125,1136.0260009765625
1536.2646484375,1185.9638671875
1513.782470703125,1235.865478515625
1491.240966796875,1285.7808837890625
1468.744873046875,1335.659912109375
1553.832763671875,1013.69921875
1531.349609375,1063.570068359375
1508.892578125,1113.4432373046875
1486.4443359375,1163.296630859375
1463.9586181640625,1213.1446533203125
1441.4559326171875,1263.00244140625
1418.953857421875,1312.798828125
1503.7950439453125,991.2767944335938
1481.4093017578125,1041.1025390625
1458.918212890625,1090.9005126953125
1436.4825439453125,1140.6839599609375
1414.0892333984375,1190.453125
1391.62646484375,1240.236328125
1369.1343994140625,1289.9825439453125
1454.195068359375,968.9306030273438
1431.641357421875,1018.7442016601562
1409.2525634765625,1068.459228515625
1386.8079833984375,1118.147216796875
1364.3482666015625,1167.8504638671875
1341.9368896484375,1217.5487060546875
1319.5428466796875,1267.2115478515625
1404.712158203125,946.7822265625
1382.2481689453125,996.4547119140625
1359.86328125,1046.071533203125
1337.485107421875,1095.7587890625
1315.10546875,1145.398681640625
1292.7474365234375,1195.0084228515625
1270.369140625,1244.6175537109375
1684.516845703125,89.43684387207031
1716.980224609375,132.7857208251953
1749.5732421875,176.3682403564453
1782.3466796875,220.1022186279297
1815.2225341796875,264.08477783203125
1848.24755859375,308.2110595703125
1881.329833984375,352.3922119140625
1639.726806640625,124.02051544189453
1672.0572509765625,167.3335723876953
1704.53466796875,210.85011291503906
1737.1239013671875,254.57675170898438
1769.86962890625,298.4904479980469
1802.7239990234375,342.6007385253906
1835.711181640625,386.8943786621094
1595.2764892578125,158.41229248046875
1627.417724609375,201.6773223876953
1659.7315673828125,245.18006896972656
1692.15673828125,288.8656311035156
1724.7041015625,332.7410888671875
1757.4005126953125,376.8414001464844
1790.224853515625,421.0982360839844
1550.8665771484375,192.69192504882812
1582.9166259765625,235.95086669921875
1615.0225830078125,279.39337158203125
1647.3253173828125,323.0479431152344
1679.732421875,366.88092041015625
1712.2266845703125,410.94549560546875
1744.8990478515625,455.1606750488281
1506.4912109375,226.92662048339844
1538.4202880859375,270.1085510253906
1570.3712158203125,313.5368347167969
1602.5035400390625,357.1560974121094
1634.771240234375,400.9403381347656
1667.1602783203125,444.9779968261719
1699.58935546875,489.2013244628906
1462.5413818359375,260.7928466796875
1494.22998046875,304.0152587890625
1526.0391845703125,347.44537353515625
1557.934326171875,391.0345153808594
1589.9876708984375,434.80377197265625
1622.1922607421875,478.82427978515625
1654.5079345703125,522.9981689453125
1418.94775390625,294.5985412597656
1450.3963623046875,337.7520446777344
1482.0562744140625,381.1004638671875
1513.7890625,424.63848876953125
1545.700439453125,468.4037170410156
1577.7099609375,512.368896484375
1609.8809814453125,556.5385131835938
1686.7220458984375,1111.2327880859375
1663.4429931640625,1162.5330810546875
1640.160400390625,1213.8070068359375
1616.9459228515625,1264.9722900390625
1593.7186279296875,1316.1103515625
1570.4886474609375,1367.1807861328125
1547.3883056640625,1418.0418701171875
1635.5279541015625,1087.9609375
1612.3642578125,1139.143798828125
1589.178955078125,1190.26708984375
1566.0155029296875,1241.3521728515625
1542.878173828125,1292.39599609375
1519.7705078125,1343.368408203125
1496.652099609375,1394.2490234375
1584.5831298828125,1064.7843017578125
1561.520751953125,1115.846923828125
1538.4244384765625,1166.865234375
1515.3616943359375,1217.8304443359375
1492.30859375,1268.7685546875
1469.266845703125,1319.6280517578125
1446.2393798828125,1370.4083251953125
1533.8905029296875,1041.681396484375
1510.8834228515625,1092.6614990234375
1487.9005126953125,1143.5701904296875
1464.9088134765625,1194.4200439453125
1441.9254150390625,1245.2109375
1418.942138671875,1295.9718017578125
1396.0101318359375,1346.642333984375
1483.232177734375,1018.6572265625
1460.322021484375,1069.55078125
1437.336669921875,1120.3131103515625
1414.434814453125,1171.0772705078125
1391.5880126953125,1221.733642578125
1368.704345703125,1272.3902587890625
1345.8104248046875,1322.9761962890625
1433.098388671875,995.783935546875
1410.1007080078125,1046.5828857421875
1387.2374267578125,1097.2366943359375
1364.387939453125,1147.8551025390625
1341.508544921875,1198.398681640625
1318.6959228515625,1248.965087890625
1295.9566650390625,1299.4072265625
1383.1510009765625,973.142822265625
1360.3116455078125,1023.7683715820312
1337.5357666015625,1074.3265380859375
1314.744384765625,1124.826171875
1292.0130615234375,1175.2982177734375
1269.3006591796875,1225.6988525390625
1246.60400390625,1276.0567626953125
1693.9873046875,1052.08154296875
1670.994384765625,1103.0838623046875
1647.9832763671875,1154.169189453125
1624.9608154296875,1205.2418212890625
1601.914306640625,1256.365234375
1578.8365478515625,1307.5330810546875
1555.8319091796875,1358.5845947265625
1642.7777099609375,1029.2799072265625
1619.8466796875,1080.1929931640625
1596.864501953125,1131.1590576171875
1573.8775634765625,1182.16064453125
1550.8447265625,1233.1993408203125
1527.797119140625,1284.26220703125
1504.7083740234375,1335.3465576171875
1591.7957763671875,1006.5203857421875
1568.8568115234375,1057.336669921875
1545.9066162109375,1108.22119140625
1522.9287109375,1159.1318359375
1499.9522705078125,1210.05517578125
1476.9229736328125,1261.0479736328125
1453.861328125,1312.0394287109375
1540.9339599609375,983.8408203125
1518.010009765625,1034.570068359375
1495.089599609375,1085.329345703125
1472.15283203125,1136.1617431640625
1449.1507568359375,1186.99951171875
1426.1334228515625,1237.8824462890625
1403.103271484375,1288.7784423828125
1490.0513916015625,961.1742553710938
1467.1845703125,1011.8414306640625
1444.21533203125,1062.5245361328125
1421.3018798828125,1113.224365234375
1398.379638671875,1163.9632568359375
1375.3658447265625,1214.762451171875
1352.3255615234375,1265.557861328125
1439.607421875,938.6224975585938
1416.5672607421875,989.234619140625
1393.703369140625,1039.813720703125
1370.737060546875,1090.4036865234375
1347.746826171875,1141.0150146484375
1324.7679443359375,1191.750732421875
1301.8040771484375,1242.433349609375
1389.29931640625,916.2470703125
1366.3515625,966.7105712890625
1343.464599609375,1017.1734008789062
1320.5567626953125,1067.6993408203125
1297.60400390625,1118.2833251953125
1274.6812744140625,1168.8526611328125
1251.714111328125,1219.4825439453125
1872.0545654296875,1008.5667114257812
1849.0833740234375,1059.3857421875
1826.11962890625,1110.2288818359375
1803.123046875,1161.10302734375
1780.1107177734375,1212.0069580078125
1757.0225830078125,1262.9461669921875
1734.0601806640625,1313.7564697265625
1820.7899169921875,985.9169921875
1797.9273681640625,1036.5894775390625
1775.0009765625,1087.32373046875
1752.03857421875,1138.12451171875
1729.0609130859375,1188.9154052734375
1706.04638671875,1239.72314453125
1683.029052734375,1290.5455322265625
1769.7945556640625,963.310546875
1746.9593505859375,1013.8792114257812
1724.061279296875,1064.5167236328125
1701.1558837890625,1115.196044921875
1678.204345703125,1165.8912353515625
1655.2525634765625,1216.596435546875
1632.2774658203125,1267.3154296875
1718.9449462890625,940.78125
1696.1551513671875,991.274658203125
1673.2913818359375,1041.78955078125
1650.4345703125,1092.351806640625
1627.52783203125,1142.9625244140625
1604.609130859375,1193.543212890625
1581.6539306640625,1244.1239013671875
1668.1309814453125,918.3092651367188
1645.3895263671875,968.705078125
1622.5142822265625,1019.1278076171875
1599.6844482421875,1069.5518798828125
1576.884521484375,1120.0262451171875
1553.9720458984375,1170.53662109375
1531.0238037109375,1221.0302734375
1617.81005859375,895.9568481445312
1594.916259765625,946.2728881835938
1572.1474609375,996.5858764648438
1549.2994384765625,1046.8984375
1526.416259765625,1097.255615234375
1503.5562744140625,1147.64892578125
1480.7005615234375,1198.0264892578125
1567.6650390625,873.8132934570312
1544.85888671875,923.9925537109375
1522.094970703125,974.1793212890625
1499.3089599609375,1024.3599853515625
1476.504150390625,1074.6513671875
1453.6817626953125,1124.9100341796875
1430.8238525390625,1175.2081298828125
1667.0565185546875,1079.505615234375
1643.9200439453125,1130.404052734375
1620.734375,1181.283447265625
1597.5933837890625,1232.1336669921875
1574.417236328125,1282.9959716796875
1551.2320556640625,1333.84130859375
1528.1561279296875,1384.5306396484375
1616.4000244140625,1056.6517333984375
1593.338134765625,1107.3758544921875
1570.23193359375,1158.125
1547.1597900390625,1208.859375
1524.0567626953125,1259.5704345703125
1500.9583740234375,1310.3021240234375
1477.85400390625,1360.9990234375
1566.03369140625,1033.8883056640625
1543.0205078125,1084.4705810546875
1520.0009765625,1135.094970703125
1496.975341796875,1185.6910400390625
1473.9385986328125,1236.2789306640625
1450.900390625,1286.8809814453125
1427.8482666015625,1337.413330078125
1515.869384765625,1011.2161254882812
1492.94189453125,1061.677978515625
1469.9703369140625,1112.1519775390625
1447.0211181640625,1162.6314697265625
1424.04296875,1213.0657958984375
1401.056640625,1263.54052734375
1378.0860595703125,1313.959716796875
1465.8121337890625,988.6111450195312
1442.9281005859375,1039.0091552734375
1419.97509765625,1089.3193359375
1397.0858154296875,1139.62841796875
1374.217529296875,1189.949951171875
1351.2857666015625,1240.289306640625
1328.3404541015625,1290.57861328125
1416.281982421875,966.1917724609375
1393.2752685546875,1016.4469604492188
1370.451416015625,1066.6280517578125
1347.611083984375,1116.821044921875
1324.72314453125,1167.0108642578125
1301.8311767578125,1217.1861572265625
1279.0469970703125,1267.35595703125
1366.9530029296875,943.9784545898438
1344.1077880859375,994.0420532226562
1321.29931640625,1044.0706787109375
1298.5137939453125,1094.1590576171875
1275.7265625,1144.22900390625
1252.9534912109375,1194.2451171875
1230.1502685546875,1244.303955078125
1825.8424072265625,531.6920776367188
1831.57177734375,587.9220581054688
1837.2711181640625,644.2299194335938
1842.9869384765625,700.5283203125
1848.659423828125,756.8695068359375
1854.3360595703125,813.1987915039062
1860.0074462890625,869.3837280273438
1769.282958984375,538.052001953125
1775.0087890625,594.2046508789062
1780.6981201171875,650.3635864257812
1786.3934326171875,706.5934448242188
1792.084228515625,762.8228759765625
1797.743896484375,819.0660400390625
1803.386474609375,875.3374633789062
1712.9417724609375,544.3883666992188
1718.6458740234375,600.45263671875
1724.3536376953125,656.5425415039062
1730.013427734375,712.6339111328125
1735.69189453125,768.7595825195312
1741.3321533203125,824.9103393554688
1746.9615478515625,881.0767211914062
1656.7789306640625,550.7139282226562
1662.468505859375,606.673095703125
1668.1522216796875,662.6569213867188
1673.84228515625,718.6715087890625
1679.4886474609375,774.697265625
1685.114990234375,830.7644653320312
1690.739013671875,886.789306640625
1600.617919921875,557.0723876953125
1606.330810546875,612.9322509765625
1611.9345703125,668.8321533203125
1617.5938720703125,724.7172241210938
1623.290283203125,780.6344604492188
1628.914794921875,836.592529296875
1634.5,892.52099609375
1544.9144287109375,563.2946166992188
1550.4783935546875,619.1409912109375
1556.1378173828125,674.91259765625
1561.702880859375,730.706787109375
1567.31640625,786.5262451171875
1572.9298095703125,842.3668823242188
1578.5252685546875,898.2023315429688
1489.43115234375,569.6063232421875
1495.015869140625,625.3128051757812
1500.6356201171875,680.96923828125
1506.2327880859375,736.6507568359375
1511.8575439453125,792.3824462890625
1517.4417724609375,848.1022338867188
1522.9991455078125,903.8598022460938
1761.633544921875,591.1514282226562
1767.37744140625,647.4305419921875
1773.0791015625,703.7736206054688
1778.8358154296875,760.1319580078125
1784.521240234375,816.518310546875
1790.219482421875,872.9161987304688
1795.9471435546875,929.127685546875
1705.3040771484375,597.6526489257812
1711.030029296875,653.799560546875
1716.734375,709.9983520507812
1722.4537353515625,766.2431030273438
1728.1480712890625,822.4879150390625
1733.841552734375,878.7311401367188
1739.5206298828125,934.9969482421875
1649.2510986328125,604.1060791015625
1654.9732666015625,660.1434936523438
1660.6744384765625,716.219970703125
1666.36474609375,772.3129272460938
1672.041015625,828.4168701171875
1677.71923828125,884.5258178710938
1683.39013671875,940.6397094726562
1593.4322509765625,610.5662841796875
1599.135986328125,666.4728393554688
1604.8203125,722.3906860351562
1610.4959716796875,778.3678588867188
1616.1763916015625,834.3391723632812
1621.837158203125,890.3047485351562
1627.42041015625,946.2940063476562
1537.6519775390625,617.0029907226562
1543.38818359375,672.7909545898438
1549.0064697265625,728.605712890625
1554.675537109375,784.4091796875
1560.360107421875,840.2269287109375
1566.0001220703125,896.0884399414062
1571.5601806640625,951.9612426757812
1482.45068359375,623.322998046875
1487.997802734375,679.0594482421875
1493.677734375,734.7227783203125
1499.199951171875,790.4072265625
1504.8253173828125,846.0994262695312
1510.4365234375,901.8363037109375
1516.0606689453125,957.5477905273438
1427.505126953125,629.7479858398438
1433.0772705078125,685.2821044921875
1438.7005615234375,740.8106079101562
1444.254150390625,796.3479614257812
1449.88134765625,851.916259765625
1455.4677734375,907.490234375
1461.04833984375,963.0995483398438
1783.082763671875,638.2537841796875
1788.9249267578125,695.381103515625
1794.7279052734375,752.594482421875
1800.5662841796875,809.810791015625
1806.3402099609375,867.0497436523438
1812.13525390625,924.3082885742188
1817.9132080078125,981.3768310546875
1726.07373046875,644.9161987304688
1731.8876953125,701.8853759765625
1737.6898193359375,758.9104614257812
1743.47998046875,815.9923095703125
1749.2559814453125,873.0396728515625
1755.0401611328125,930.0980834960938
1760.8138427734375,987.1715087890625
1669.4442138671875,651.5133056640625
1675.2286376953125,708.33544921875
1680.99462890625,765.2012329101562
1686.74755859375,822.09228515625
1692.5238037109375,878.9553833007812
1698.2889404296875,935.8474731445312
1704.011474609375,992.7716064453125
1613.052734375,658.1058959960938
1618.8411865234375,714.7431640625
1624.5965576171875,771.4431762695312
1630.3597412109375,828.1660766601562
1636.078857421875,884.8560791015625
1641.7945556640625,941.6058349609375
1647.5115966796875,998.3603515625
1556.8121337890625,664.66162109375
1562.615478515625,721.176513671875
1568.29150390625,777.7030639648438
1574.02392578125,834.21826171875
1579.768310546875,890.7255859375
1585.47314453125,947.3529052734375
1591.114013671875,1003.9357299804688
1501.197509765625,671.1190185546875
1506.8050537109375,727.52099609375
1512.5472412109375,783.8715209960938
1518.1776123046875,840.2098388671875
1523.81640625,896.593505859375
1529.5008544921875,953.0297241210938
1535.188232421875,1009.4264526367188
1445.9285888671875,677.6286010742188
1451.5631103515625,733.8235473632812
1457.2041015625,790.0046997070312
1462.8447265625,846.1629638671875
1468.5211181640625,902.3916015625
1474.1622314453125,958.6255493164062
1479.8104248046875,1014.881591796875
1811.3663330078125,509.37823486328125
1817.08935546875,564.2782592773438
1822.7823486328125,619.3165283203125
1828.5108642578125,674.3862915039062
1834.224853515625,729.5407104492188
1839.9267578125,784.8062133789062
1845.6204833984375,839.9122314453125
1755.9271240234375,515.759765625
1761.609375,570.5919799804688
1767.288818359375,625.5181274414062
1772.9764404296875,680.5228881835938
1778.662109375,735.5804443359375
1784.327880859375,790.7354736328125
1789.9525146484375,845.945068359375
1700.7135009765625,522.1443481445312
1706.3724365234375,576.8900146484375
1712.01904296875,631.7357788085938
1717.63623046875,686.6287231445312
1723.2728271484375,741.615234375
1728.904296875,796.6867065429688
1734.5252685546875,851.785400390625
1645.667724609375,528.5182495117188
1651.281494140625,583.1641845703125
1656.8865966796875,637.9057006835938
1662.486083984375,692.7551879882812
1668.0755615234375,747.6309204101562
1673.6612548828125,802.6305541992188
1679.2264404296875,857.6143798828125
1590.5902099609375,534.9107666015625
1596.21337890625,589.4817504882812
1601.7120361328125,644.1305541992188
1607.271484375,698.8583374023438
1612.8914794921875,753.6358032226562
1618.4053955078125,808.522216796875
1623.94091796875,863.4520874023438
1535.9599609375,541.1627807617188
1541.3951416015625,595.7258911132812
1546.8935546875,650.3047485351562
1552.4271240234375,704.9107055664062
1557.8824462890625,759.6275634765625
1563.3876953125,814.4024658203125
1568.90283203125,869.2245483398438
1481.58349609375,547.505126953125
1486.9876708984375,601.9296264648438
1492.480712890625,656.4004516601562
1497.902587890625,710.9287109375
1503.3961181640625,765.54052734375
1508.8375244140625,820.216064453125
1514.2813720703125,874.9498291015625
1676.1046142578125,612.4942626953125
1681.7318115234375,668.445068359375
1687.3707275390625,724.47412109375
1693.0269775390625,780.5907592773438
1698.68017578125,836.7647094726562
1704.318359375,892.9901733398438
1709.994384765625,949.1170043945312
1620.1165771484375,619.07958984375
1625.7618408203125,674.8810424804688
1631.3577880859375,730.7720336914062
1636.983154296875,786.77392578125
1642.5872802734375,842.7913818359375
1648.2049560546875,898.8851928710938
1653.7999267578125,955.0547485351562
1564.4737548828125,625.6102905273438
1570.052001953125,681.2745971679688
1575.61865234375,737.0689086914062
1581.19677734375,792.891357421875
1586.7542724609375,848.8087158203125
1592.32861328125,904.7848510742188
1597.8638916015625,960.8231811523438
1509.0028076171875,632.1171264648438
1514.5419921875,687.6524047851562
1520.0794677734375,743.320556640625
1525.6337890625,799.0096435546875
1531.1387939453125,854.8214111328125
1536.633056640625,910.6832275390625
1542.1387939453125,966.5494995117188
1453.583740234375,638.5985107421875
1459.140625,694.0614013671875
1464.5760498046875,749.5830078125
1470.04931640625,805.1617431640625
1475.562255859375,860.7739868164062
1481.0462646484375,916.5317993164062
1486.4627685546875,972.3289794921875
1398.7032470703125,644.9764404296875
1404.10400390625,700.3798217773438
1409.526123046875,755.7754516601562
1414.8919677734375,811.21728515625
1420.289306640625,866.7227172851562
1425.724609375,922.3424072265625
1431.156005859375,977.9827270507812
1344.13818359375,651.4595947265625
1349.4560546875,706.6661987304688
1354.814208984375,761.9359741210938
1360.1978759765625,817.2404174804688
1365.568359375,872.6200561523438
1370.942138671875,928.0568237304688
1376.3280029296875,983.6197509765625
1804.9669189453125,465.2852478027344
1810.8011474609375,521.6286010742188
1816.5794677734375,578.1138305664062
1822.3499755859375,634.6633911132812
1828.1478271484375,691.2906494140625
1833.9298095703125,748.0559692382812
1839.7166748046875,804.71240234375
1748.35400390625,472.4836120605469
1754.0986328125,528.6765747070312
1759.847412109375,584.9786376953125
1765.58154296875,641.401611328125
1771.307373046875,697.893798828125
1777.034912109375,754.4756469726562
1782.7408447265625,811.15283203125
1692.0819091796875,479.6629333496094
1697.7515869140625,535.6807250976562
1703.4619140625,591.8441772460938
1709.1385498046875,648.10888671875
1714.8070068359375,704.4407958984375
1720.480224609375,760.8766479492188
1726.14013671875,817.4378662109375
1636.091552734375,486.8030090332031
1641.7017822265625,542.6813354492188
1647.3348388671875,598.6766357421875
1652.974609375,654.7808227539062
1658.603271484375,710.9791259765625
1664.2188720703125,767.2871704101562
1669.801025390625,823.6408081054688
1580.138916015625,493.9405517578125
1585.804443359375,549.6973266601562
1591.3189697265625,605.5499267578125
1596.867919921875,661.4861450195312
1602.5018310546875,717.4959106445312
1608.061279296875,773.6538696289062
1613.5845947265625,829.8546752929688
1524.8431396484375,500.9332275390625
1530.315185546875,556.6136474609375
1535.8348388671875,612.3318481445312
1541.297607421875,668.095947265625
1546.7899169921875,723.9686279296875
1552.27392578125,779.9717407226562
1557.8248291015625,836.0128173828125
1469.9124755859375,508.045166015625
1475.3079833984375,563.4859008789062
1480.765625,619.0303955078125
1486.2017822265625,674.6725463867188
1491.6685791015625,730.3771362304688
1497.1143798828125,786.1961669921875
1502.5447998046875,842.0798950195312
1667.91796875,517.4611206054688
1673.5914306640625,572.6764526367188
1679.278564453125,628.0687255859375
1685.0133056640625,683.5535278320312
1690.75390625,739.1798706054688
1696.4691162109375,794.94384765625
1702.203857421875,850.6415405273438
1612.1356201171875,524.09375
1617.785400390625,579.18994140625
1623.4119873046875,634.4721069335938
1629.0894775390625,689.8875732421875
1634.7501220703125,745.4054565429688
1640.42724609375,801.0812377929688
1646.0924072265625,856.8504638671875
1556.5816650390625,530.6517333984375
1562.1827392578125,585.6731567382812
1567.760009765625,640.8673706054688
1573.37109375,696.1781616210938
1578.9722900390625,751.6436767578125
1584.5650634765625,807.1895141601562
1590.156005859375,862.8677368164062
1501.1817626953125,537.18896484375
1506.7052001953125,592.14306640625
1512.22119140625,647.2452392578125
1517.779052734375,702.4725341796875
1523.301513671875,757.8386840820312
1528.8406982421875,813.3067016601562
1534.3348388671875,868.902099609375
1445.7388916015625,543.7288208007812
1451.2625732421875,598.627197265625
1456.6815185546875,653.6705932617188
1462.1544189453125,708.7808837890625
1467.656982421875,764.02685546875
1473.1142578125,819.4370727539062
1478.531982421875,874.9403686523438
1390.7427978515625,550.1722412109375
1396.104248046875,605.04736328125
1401.4970703125,659.9979858398438
1406.856201171875,715.03076171875
1412.189453125,770.2144165039062
1417.587890625,825.5142822265625
1422.9869384765625,880.9253540039062
1336.06884765625,556.7459106445312
1341.3048095703125,611.4583740234375
1346.6265869140625,666.2867431640625
1351.9010009765625,721.2281494140625
1357.2322998046875,776.302490234375
1362.5733642578125,831.531005859375
1367.8961181640625,886.8363037109375
1717.465576171875,559.8163452148438
1723.0657958984375,614.6402587890625
1728.643310546875,669.6383056640625
1734.2447509765625,724.72802734375
1739.841552734375,779.9945068359375
1745.4420166015625,835.3717041015625
1751.0693359375,890.6812744140625
1662.2044677734375,566.4682006835938
1667.7392578125,621.2022705078125
1673.2620849609375,676.077392578125
1678.80224609375,731.0656127929688
1684.3458251953125,786.2174682617188
1689.8614501953125,841.4603881835938
1695.416748046875,896.8182983398438
1607.211181640625,573.134765625
1612.66357421875,627.7291259765625
1618.1251220703125,682.5123291015625
1623.5947265625,737.3723754882812
1629.0672607421875,792.3882446289062
1634.5364990234375,847.5213012695312
1639.9962158203125,902.777587890625
1552.412353515625,579.7565307617188
1557.8218994140625,634.2516479492188
1563.194580078125,688.89990234375
1568.6097412109375,743.6632080078125
1573.994140625,798.5546875
1579.3927001953125,853.5751953125
1584.795166015625,908.7172241210938
1497.6060791015625,586.3832397460938
1503.0103759765625,640.7775268554688
1508.27490234375,695.3240356445312
1513.6146240234375,749.9501342773438
1518.98828125,804.6998901367188
1524.29443359375,859.6138305664062
1529.576904296875,914.658203125
1443.3963623046875,592.8487548828125
1448.494873046875,647.2221069335938
1453.8250732421875,701.661376953125
1459.03369140625,756.1661376953125
1464.244384765625,810.8367919921875
1469.478759765625,865.6134033203125
1474.7373046875,920.5198974609375
1389.4150390625,599.461181640625
1394.522705078125,653.6578979492188
1399.7021484375,707.9473876953125
1404.8460693359375,762.3658447265625
1410.0302734375,816.8762817382812
1415.207275390625,871.53759765625
1420.379638671875,926.3312377929688
1721.6962890625,480.5439147949219
1727.220703125,535.442138671875
1732.7098388671875,590.57080078125
1738.226806640625,645.8258056640625
1743.7432861328125,701.1881103515625
1749.25634765625,756.73974609375
1754.8038330078125,812.2391967773438
1666.445556640625,487.6665954589844
1671.86767578125,542.4417724609375
1677.2762451171875,597.4199829101562
1682.7335205078125,652.5106201171875
1688.1795654296875,707.740234375
1693.615478515625,763.1627197265625
1699.0518798828125,818.6737670898438
1611.4649658203125,494.7586975097656
1616.8270263671875,549.4134521484375
1622.18359375,604.2218017578125
1627.5440673828125,659.1788330078125
1632.9097900390625,714.2786865234375
1638.2879638671875,769.522216796875
1643.6407470703125,824.9153442382812
1556.75830078125,501.8352355957031
1562.06640625,556.3428955078125
1567.34033203125,611.0017700195312
1572.619873046875,665.8338012695312
1577.92236328125,720.7954711914062
1583.21435546875,775.911376953125
1588.4720458984375,831.1008911132812
1502.0921630859375,508.85845947265625
1507.3961181640625,563.2708740234375
1512.5242919921875,617.8138427734375
1517.756591796875,672.4874877929688
1523.00341796875,727.2725219726562
1528.2064208984375,782.2291870117188
1533.385498046875,837.3175048828125
1448.0963134765625,515.8137817382812
1453.1461181640625,570.1050415039062
1458.2896728515625,624.535888671875
1463.3663330078125,679.0465087890625
1468.4713134765625,733.7251586914062
1473.58251953125,788.5406494140625
1478.7412109375,843.45849609375
1394.403076171875,522.8018798828125
1399.3494873046875,576.9391479492188
1404.398681640625,631.1921997070312
1409.430419921875,685.5439453125
1414.4849853515625,740.0771484375
1419.5328369140625,794.7620239257812
1424.5753173828125,849.5335693359375
1504.9705810546875,165.14547729492188
1537.4068603515625,209.5418243408203
1569.931396484375,254.0964813232422
1602.5020751953125,298.662841796875
1635.13232421875,343.3419189453125
1667.7987060546875,388.09735107421875
1700.40625,432.7645263671875
1460.4786376953125,199.0451202392578
1492.82666015625,243.35662841796875
1525.2498779296875,287.7949523925781
1557.714111328125,332.298095703125
1590.2598876953125,376.90789794921875
1622.8463134765625,421.5687561035156
1655.4398193359375,466.3363037109375
1416.136474609375,232.75588989257812
1448.421142578125,277.0325622558594
1480.780029296875,321.3558044433594
1513.1434326171875,365.77899169921875
1545.590087890625,410.2998046875
1578.04833984375,454.9373474121094
1610.570068359375,499.6263122558594
1371.953857421875,266.4118957519531
1404.17578125,310.5341491699219
1436.414306640625,354.8152770996094
1468.741943359375,399.1442565917969
1501.0670166015625,443.6358947753906
1533.4305419921875,488.2019348144531
1565.8165283203125,532.813720703125
1327.845947265625,299.8968200683594
1359.9947509765625,343.97747802734375
1392.0797119140625,388.22314453125
1424.2685546875,432.53253173828125
1456.537353515625,476.887451171875
1488.83935546875,521.3684692382812
1521.114990234375,565.96044921875
1284.0537109375,333.1009216308594
1316.0640869140625,377.2309265136719
1348.0977783203125,421.3894348144531
1380.11083984375,465.6311950683594
1412.2073974609375,509.9396667480469
1444.3944091796875,554.379638671875
1476.612060546875,598.8692016601562
1240.65625,366.2638244628906
1272.459228515625,410.3138732910156
1304.3641357421875,454.38671875
1336.31982421875,498.5296936035156
1368.3226318359375,542.7432861328125
1400.3992919921875,587.1257934570312
1432.5362548828125,631.5447387695312
1526.34716796875,77.60482025146484
1558.82421875,121.81198120117188
1591.3848876953125,166.1463623046875
1623.9881591796875,210.56008911132812
1656.6798095703125,255.06582641601562
1689.4407958984375,299.71533203125
1722.1812744140625,344.2968444824219
1482.04638671875,112.05845642089844
1514.3558349609375,156.22044372558594
1546.8089599609375,200.42630004882812
1579.3328857421875,244.76315307617188
1611.89453125,289.18609619140625
1644.555908203125,333.7362060546875
1677.2469482421875,378.3909912109375
1437.925048828125,146.34933471679688
1470.1990966796875,190.4475860595703
1502.4764404296875,234.5353546142578
1534.8726806640625,278.779541015625
1567.320068359375,323.12127685546875
1599.8533935546875,367.6161804199219
1632.43310546875,412.1698913574219
1393.92138671875,180.56134033203125
1426.1070556640625,224.48243713378906
1458.338623046875,268.53790283203125
1490.6358642578125,312.6570739746094
1522.9400634765625,356.9275817871094
1555.332275390625,401.33306884765625
1587.796875,445.81396484375
1350.0333251953125,214.597412109375
1382.1573486328125,258.4544982910156
1414.2193603515625,302.4022216796875
1446.3955078125,346.468994140625
1478.6397705078125,390.6065979003906
1510.9034423828125,434.93328857421875
1543.19580078125,479.3879089355469
1306.678955078125,248.2450714111328
1338.531005859375,292.1332702636719
1370.490478515625,336.0086975097656
1402.453857421875,379.9967041015625
1434.4888916015625,424.13885498046875
1466.649169921875,468.37762451171875
1498.888916015625,512.702392578125
1263.5577392578125,281.8356628417969
1295.2703857421875,325.5570068359375
1327.0916748046875,369.3810119628906
1358.96142578125,413.27337646484375
1390.8515625,457.30352783203125
1422.9267578125,501.48590087890625
1454.9918212890625,545.7394409179688
1540.122802734375,96.74911499023438
1572.59814453125,140.7987060546875
1605.168701171875,185.04856872558594
1637.8177490234375,229.3795623779297
1670.5733642578125,273.8689880371094
1703.3997802734375,318.49749755859375
1736.23388671875,363.0632629394531
1496.058837890625,131.5667266845703
1528.345703125,175.55902099609375
1560.802490234375,219.68467712402344
1593.3203125,263.9167785644531
1625.916748046875,308.2994079589844
1658.61962890625,352.813232421875
1691.3609619140625,397.4903869628906
1452.2178955078125,166.19178771972656
1484.44287109375,210.08807373046875
1516.69189453125,254.0885009765625
1549.072265625,298.2511291503906
1581.529052734375,342.5345764160156
1614.06298828125,386.9833679199219
1646.6865234375,431.5321350097656
1408.542236328125,200.64877319335938
1440.68115234375,244.44509887695312
1472.806640625,288.3309020996094
1505.0523681640625,332.3844909667969
1537.354248046875,376.6044616699219
1569.7403564453125,420.9375305175781
1602.2047119140625,465.42828369140625
1364.9754638671875,234.9559783935547
1397.011962890625,278.6534118652344
1428.9832763671875,322.48138427734375
1461.0875244140625,366.41851806640625
1493.257080078125,410.5119934082031
1525.49267578125,454.7993469238281
1557.8045654296875,499.2274475097656
1322.030517578125,268.87994384765625
1353.7235107421875,312.53814697265625
1385.5799560546875,356.3093566894531
1417.4561767578125,400.17755126953125
1449.4227294921875,444.2379455566406
1481.521240234375,488.41693115234375
1513.7117919921875,532.7023315429688
1279.3338623046875,302.63037109375
1310.8687744140625,346.1723937988281
1342.5657958984375,389.8657531738281
1374.3182373046875,433.6567687988281
1406.1591796875,477.5854187011719
1438.083984375,521.697265625
1470.1085205078125,565.9268188476562
1627.351318359375,51.18397521972656
1660.1097412109375,95.40486907958984
1692.9368896484375,139.7745819091797
1725.832763671875,184.20025634765625
1758.801025390625,228.78085327148438
1791.87109375,273.44879150390625
1824.915283203125,318.09814453125
1582.3892822265625,85.36502838134766
1614.9920654296875,129.51829528808594
1647.6904296875,173.81063842773438
1680.5189208984375,218.23147583007812
1713.38916015625,262.7255554199219
1746.343994140625,307.387451171875
1779.3575439453125,352.1272277832031
1537.4918212890625,119.40811157226562
1570.0560302734375,163.5281524658203
1602.69140625,207.76380920410156
1635.3663330078125,252.11019897460938
1668.14208984375,296.5945129394531
1700.96142578125,341.1888427734375
1733.854248046875,385.918701171875
1492.7625732421875,153.37466430664062
1525.1820068359375,197.43438720703125
1557.711669921875,241.62496948242188
1590.3045654296875,285.92889404296875
1623.0098876953125,330.356689453125
1655.7554931640625,374.89984130859375
1688.5223388671875,419.5946350097656
1447.9549560546875,187.35008239746094
1480.3798828125,231.3153839111328
1512.7327880859375,275.46429443359375
1545.2216796875,319.7228698730469
1577.8302001953125,364.0848388671875
1610.483642578125,408.5831298828125
1643.1636962890625,453.2383117675781
1403.548828125,220.96592712402344
1435.7618408203125,264.98431396484375
1468.024169921875,309.1077880859375
1500.4085693359375,353.2972412109375
1532.806396484375,397.6476745605469
1565.3389892578125,442.1174621582031
1597.9371337890625,486.72064208984375
1359.382568359375,254.55262756347656
1391.444091796875,298.47674560546875
1423.6396484375,342.4801940917969
1455.8331298828125,386.62615966796875
1488.2462158203125,430.9712829589844
1520.6644287109375,475.38623046875
1553.1251220703125,519.955810546875
1524.5223388671875,218.45974731445312
1557.0537109375,262.66461181640625
1589.65234375,307.07147216796875
1622.35302734375,351.5955505371094
1655.151123046875,396.2682800292969
1688.0013427734375,441.07574462890625
1720.8485107421875,485.8702697753906
1479.954345703125,252.63307189941406
1512.3172607421875,296.8037414550781
1544.767822265625,341.1280822753906
1577.366943359375,385.6002197265625
1610.026611328125,430.20172119140625
1642.776123046875,474.954345703125
1675.5584716796875,519.8466186523438
1435.52587890625,286.6537170410156
1467.79052734375,330.748779296875
1500.1484375,375.01715087890625
1532.58056640625,419.4356994628906
1565.0902099609375,464.0064697265625
1597.718017578125,508.7080993652344
1630.389892578125,553.5504150390625
1391.265380859375,320.51641845703125
1423.416015625,364.57611083984375
1455.6279296875,408.783935546875
1487.9639892578125,453.14898681640625
1520.3709716796875,497.689208984375
1552.840087890625,542.3584594726562
1585.3477783203125,587.1482543945312
1347.0108642578125,354.3315124511719
1379.0994873046875,398.3337097167969
1411.14306640625,442.5359802246094
1443.319580078125,486.8629150390625
1475.58837890625,531.2823486328125
1507.96533203125,575.9301147460938
1540.35302734375,620.698974609375
1303.25537109375,387.85400390625
1335.0458984375,431.89532470703125
1366.9951171875,476.0397644042969
1398.972900390625,520.27685546875
1431.0810546875,564.69189453125
1463.2906494140625,609.2835083007812
1495.588134765625,653.9733276367188
1259.6951904296875,421.27349853515625
1291.3470458984375,465.22454833984375
1323.1541748046875,509.3008117675781
1355.024658203125,553.4973754882812
1386.97021484375,597.8485717773438
1419.05859375,642.3805541992188
1451.2198486328125,687.0228271484375
1596.6812744140625,111.71231842041016
1629.2607421875,155.76451110839844
1661.9932861328125,199.98883056640625
1694.8692626953125,244.38685607910156
1727.8424072265625,288.9477844238281
1760.93310546875,333.6758728027344
1794.0469970703125,378.401123046875
1551.97119140625,146.60484313964844
1584.4744873046875,190.57284545898438
1617.04248046875,234.7441864013672
1649.771240234375,279.05535888671875
1682.568603515625,323.5766296386719
1715.4964599609375,368.23309326171875
1748.4981689453125,413.05419921875
1507.541259765625,181.30810546875
1539.8468017578125,225.234130859375
1572.3118896484375,269.31072998046875
1604.869384765625,313.57049560546875
1637.5499267578125,357.9947509765625
1670.306396484375,402.623046875
1703.13623046875,447.3617858886719
1463.3109130859375,215.88665771484375
1495.477294921875,259.7199401855469
1527.75634765625,303.7370300292969
1560.1573486328125,347.9279479980469
1592.6864013671875,392.3134460449219
1625.310791015625,436.8669738769531
1657.9903564453125,481.5412292480469
1419.0372314453125,250.35203552246094
1451.164794921875,294.0779113769531
1483.274169921875,338.08648681640625
1515.5128173828125,382.2165222167969
1547.8814697265625,426.48577880859375
1580.33740234375,471.02618408203125
1612.872314453125,515.675537109375
1375.34912109375,284.4298400878906
1407.1749267578125,328.2012939453125
1439.14501953125,372.13861083984375
1471.173583984375,416.20843505859375
1503.331787109375,460.46832275390625
1535.6234130859375,504.9095153808594
1568.03076171875,549.5119018554688
1331.9427490234375,318.36968994140625
1363.5628662109375,362.0683898925781
1395.3856201171875,405.9218444824219
1427.2772216796875,449.9222717285156
1459.286376953125,494.12530517578125
1491.4071044921875,538.497802734375
1523.63330078125,583.0426025390625
1562.3564453125,140.0677947998047
1594.7313232421875,183.67782592773438
1627.1934814453125,227.4409942626953
1659.79150390625,271.3526611328125
1692.440673828125,315.4216613769531
1725.208251953125,359.62921142578125
1758.0078125,403.81610107421875
1517.67041015625,173.73342895507812
1549.935546875,217.28868103027344
1582.33203125,261.0270080566406
1614.7998046875,304.9225158691406
1647.3966064453125,348.9421691894531
1680.056884765625,393.1482849121094
1712.7628173828125,437.46307373046875
1473.1998291015625,207.2823028564453
1505.3250732421875,250.8109588623047
1537.5902099609375,294.5078430175781
1569.9669189453125,338.3867492675781
1602.413330078125,382.40753173828125
1635.009521484375,426.6041259765625
1667.635009765625,470.9021301269531
1428.730224609375,240.7163848876953
1460.8167724609375,284.25830078125
1492.95751953125,327.92694091796875
1525.213623046875,371.7743225097656
1557.5562744140625,415.7656555175781
1590.0269775390625,459.9669189453125
1622.5279541015625,504.2666015625
1384.2137451171875,274.1988220214844
1416.2510986328125,317.6294250488281
1448.26220703125,361.3325500488281
1480.43408203125,405.1519470214844
1512.692138671875,449.1252746582031
1545.0394287109375,493.31640625
1577.416015625,537.6458740234375
1340.0706787109375,307.32464599609375
1371.904052734375,350.85540771484375
1403.8262939453125,394.5639343261719
1435.8236083984375,438.3976135253906
1467.87890625,482.365234375
1500.12548828125,526.520263671875
1532.4278564453125,570.8289794921875
1296.2139892578125,340.4496154785156
1327.829833984375,383.9599914550781
1359.6820068359375,427.6004333496094
1391.4923095703125,471.38763427734375
1423.5416259765625,515.3862915039062
1455.634521484375,559.5120849609375
1487.8101806640625,603.810546875
1658.487060546875,159.65318298339844
1690.585693359375,202.6666717529297
1722.781982421875,245.86207580566406
1755.094970703125,289.215087890625
1787.5206298828125,332.7399597167969
1820.0531005859375,376.4156188964844
1852.61083984375,420.1122741699219
1614.3519287109375,193.20797729492188
1646.305419921875,236.18263244628906
1678.370849609375,279.36907958984375
1710.532958984375,322.70831298828125
1742.8349609375,366.19195556640625
1775.238525390625,409.82275390625
1807.73291015625,453.6634216308594
1570.3468017578125,226.64967346191406
1602.1422119140625,269.5997314453125
1634.11083984375,312.7577819824219
1666.15185546875,356.0436096191406
1698.3193359375,399.5278625488281
1730.54833984375,443.1218566894531
1762.951416015625,486.9472961425781
1526.410888671875,259.9993896484375
1558.144775390625,302.9322509765625
1589.9671630859375,346.0307922363281
1621.8775634765625,389.3103942871094
1653.947509765625,432.76397705078125
1686.04052734375,476.36822509765625
1718.22216796875,520.1566162109375
1482.5074462890625,293.3069763183594
1514.13525390625,336.17608642578125
1545.8089599609375,379.3125915527344
1577.5975341796875,422.54290771484375
1609.514404296875,465.96148681640625
1641.514892578125,509.5769348144531
1673.547119140625,553.3495483398438
1438.9505615234375,326.2855529785156
1470.3328857421875,369.2273864746094
1501.945556640625,412.3335876464844
1533.529052734375,455.58087158203125
1565.2288818359375,498.9875793457031
1597.0968017578125,542.5953369140625
1629.0426025390625,586.3365478515625
1395.66357421875,359.2279357910156
1426.9052734375,402.1307678222656
1458.2935791015625,445.1885070800781
1489.822021484375,488.3788146972656
1521.4234619140625,531.783447265625
1553.144287109375,575.3442993164062
1584.9483642578125,619.08935546875
