0.0 0.0 0.0
0.0 2.5 0.0
0.0 5.0 0.0
0.0 7.5 0.0
0.0 10.0 0.0
0.0 12.5 0.0
0.0 15.0 0.0
2.5 0.0 0.0
2.5 2.5 0.0
2.5 5.0 0.0
2.5 7.5 0.0
2.5 10.0 0.0
2.5 12.5 0.0
2.5 15.0 0.0
5.0 0.0 0.0
5.0 2.5 0.0
5.0 5.0 0.0
5.0 7.5 0.0
5.0 10.0 0.0
5.0 12.5 0.0
5.0 15.0 0.0
7.5 0.0 0.0
7.5 2.5 0.0
7.5 5.0 0.0
7.5 7.5 0.0
7.5 10.0 0.0
7.5 12.5 0.0
7.5 15.0 0.0
10.0 0.0 0.0
10.0 2.5 0.0
10.0 5.0 0.0
10.0 7.5 0.0
10.0 10.0 0.0
10.0 12.5 0.0
10.0 15.0 0.0
12.5 0.0 0.0
12.5 2.5 0.0
12.5 5.0 0.0
12.5 7.5 0.0
12.5 10.0 0.0
12.5 12.5 0.0
12.5 15.0 0.0
15.0 0.0 0.0
15.0 2.5 0.0
15.0 5.0 0.0
15.0 7.5 0.0
15.0 10.0 0.0
15.0 12.5 0.0
15.0 15.0 0.0
0.0 0.0 0.0
0.0 2.5 0.0
0.0 5.0 0.0
0.0 7.5 0.0
0.0 10.0 0.0
0.0 12.5 0.0
0.0 15.0 0.0
2.5 0.0 0.0
2.5 2.5 0.0
2.5 5.0 0.0
2.5 7.5 0.0
2.5 10.0 0.0
2.5 12.5 0.0
2.5 15.0 0.0
5.0 0.0 0.0
5.0 2.5 0.0
5.0 5.0 0.0
5.0 7.5 0.0
5.0 10.0 0.0
5.0 12.5 0.0
5.0 15.0 0.0
7.5 0.0 0.0
7.5 2.5 0.0
7.5 5.0 0.0
7.5 7.5 0.0
7.5 10.0 0.0
7.5 12.5 0.0
7.5 15.0 0.0
10.0 0.0 0.0
10.0 2.5 0.0
10.0 5.0 0.0
10.0 7.5 0.0
10.0 10.0 0.0
10.0 12.5 0.0
10.0 15.0 0.0
12.5 0.0 0.0
12.5 2.5 0.0
12.5 5.0 0.0
12.5 7.5 0.0
12.5 10.0 0.0
12.5 12.5 0.0
12.5 15.0 0.0
15.0 0.0 0.0
15.0 2.5 0.0
15.0 5.0 0.0
15.0 7.5 0.0
15.0 10.0 0.0
15.0 12.5 0.0
15.0 15.0 0.0
0.0 0.0 0.0
0.0 2.5 0.0
0.0 5.0 0.0
0.0 7.5 0.0
0.0 10.0 0.0
0.0 12.5 0.0
0.0 15.0 0.0
2.5 0.0 0.0
2.5 2.5 0.0
2.5 5.0 0.0
2.5 7.5 0.0
2.5 10.0 0.0
2.5 12.5 0.0
2.5 15.0 0.0
5.0 0.0 0.0
5.0 2.5 0.0
5.0 5.0 0.0
5.0 7.5 0.0
5.0 10.0 0.0
5.0 12.5 0.0
5.0 15.0 0.0
7.5 0.0 0.0
7.5 2.5 0.0
7.5 5.0 0.0
7.5 7.5 0.0
7.5 10.0 0.0
7.5 12.5 0.0
7.5 15.0 0.0
10.0 0.0 0.0
10.0 2.5 0.0
10.0 5.0 0.0
10.0 7.5 0.0
10.0 10.0 0.0
10.0 12.5 0.0
10.0 15.0 0.0
12.5 0.0 0.0
12.5 2.5 0.0
12.5 5.0 0.0
12.5 7.5 0.0
12.5 10.0 0.0
12.5 12.5 0.0
12.5 15.0 0.0
15.0 0.0 0.0
15.0 2.5 0.0
15.0 5.0 0.0
15.0 7.5 0.0
15.0 10.0 0.0
15.0 12.5 0.0
15.0 15.0 0.0
0.0 0.0 0.0
0.0 2.5 0.0
0.0 5.0 0.0
0.0 7.5 0.0
0.0 10.0 0.0
0.0 12.5 0.0
0.0 15.0 0.0
2.5 0.0 0.0
2.5 2.5 0.0
2.5 5.0 0.0
2.5 7.5 0.0
2.5 10.0 0.0
2.5 12.5 0.0
2.5 15.0 0.0
5.0 0.0 0.0
5.0 2.5 0.0
5.0 5.0 0.0
5.0 7.5 0.0
5.0 10.0 0.0
5.0 12.5 0.0
5.0 15.0 0.0
7.5 0.0 0.0
7.5 2.5 0.0
7.5 5.0 0.0
7.5 7.5 0.0
7.5 10.0 0.0
7.5 12.5 0.0
7.5 15.0 0.0
10.0 0.0 0.0
10.0 2.5 0.0
10.0 5.0 0.0
10.0 7.5 0.0
10.0 10.0 0.0
10.0 12.5 0.0
10.0 15.0 0.0
12.5 0.0 0.0
12.5 2.5 0.0
12.5 5.0 0.0
12.5 7.5 0.0
12.5 10.0 0.0
12.5 12.5 0.0
12.5 15.0 0.0
15.0 0.0 0.0
15.0 2.5 0.0
15.0 5.0 0.0
15.0 7.5 0.0
15.0 10.0 0.0
15.0 12.5 0.0
15.0 15.0 0.0
0.0 0.0 0.0
0.0 2.5 0.0
0.0 5.0 0.0
0.0 7.5 0.0
0.0 10.0 0.0
0.0 12.5 0.0
0.0 15.0 0.0
2.5 0.0 0.0
2.5 2.5 0.0
2.5 5.0 0.0
2.5 7.5 0.0
2.5 10.0 0.0
2.5 12.5 0.0
2.5 15.0 0.0
5.0 0.0 0.0
5.0 2.5 0.0
5.0 5.0 0.0
5.0 7.5 0.0
5.0 10.0 0.0
5.0 12.5 0.0
5.0 15.0 0.0
7.5 0.0 0.0
7.5 2.5 0.0
7.5 5.0 0.0
7.5 7.5 0.0
7.5 10.0 0.0
7.5 12.5 0.0
7.5 15.0 0.0
10.0 0.0 0.0
10.0 2.5 0.0
10.0 5.0 0.0
10.0 7.5 0.0
10.0 10.0 0.0
10.0 12.5 0.0
10.0 15.0 0.0
12.5 0.0 0.0
12.5 2.5 0.0
12.5 5.0 0.0
12.5 7.5 0.0
12.5 10.0 0.0
12.5 12.5 0.0
12.5 15.0 0.0
15.0 0.0 0.0
15.0 2.5 0.0
15.0 5.0 0.0
15.0 7.5 0.0
15.0 10.0 0.0
15.0 12.5 0.0
15.0 15.0 0.0
0.0 0.0 0.0
0.0 2.5 0.0
0.0 5.0 0.0
0.0 7.5 0.0
0.0 10.0 0.0
0.0 12.5 0.0
0.0 15.0 0.0
2.5 0.0 0.0
2.5 2.5 0.0
2.5 5.0 0.0
2.5 7.5 0.0
2.5 10.0 0.0
2.5 12.5 0.0
2.5 15.0 0.0
5.0 0.0 0.0
5.0 2.5 0.0
5.0 5.0 0.0
5.0 7.5 0.0
5.0 10.0 0.0
5.0 12.5 0.0
5.0 15.0 0.0
7.5 0.0 0.0
7.5 2.5 0.0
7.5 5.0 0.0
7.5 7.5 0.0
7.5 10.0 0.0
7.5 12.5 0.0
7.5 15.0 0.0
10.0 0.0 0.0
10.0 2.5 0.0
10.0 5.0 0.0
10.0 7.5 0.0
10.0 10.0 0.0
10.0 12.5 0.0
10.0 15.0 0.0
12.5 0.0 0.0
12.5 2.5 0.0
12.5 5.0 0.0
12.5 7.5 0.0
12.5 10.0 0.0
12.5 12.5 0.0
12.5 15.0 0.0
15.0 0.0 0.0
15.0 2.5 0.0
15.0 5.0 0.0
15.0 7.5 0.0
15.0 10.0 0.0
15.0 12.5 0.0
15.0 15.0 0.0
0.0 0.0 0.0
0.0 2.5 0.0
0.0 5.0 0.0
0.0 7.5 0.0
0.0 10.0 0.0
0.0 12.5 0.0
0.0 15.0 0.0
2.5 0.0 0.0
2.5 2.5 0.0
2.5 5.0 0.0
2.5 7.5 0.0
2.5 10.0 0.0
2.5 12.5 0.0
2.5 15.0 0.0
5.0 0.0 0.0
5.0 2.5 0.0
5.0 5.0 0.0
5.0 7.5 0.0
5.0 10.0 0.0
5.0 12.5 0.0
5.0 15.0 0.0
7.5 0.0 0.0
7.5 2.5 0.0
7.5 5.0 0.0
7.5 7.5 0.0
7.5 10.0 0.0
7.5 12.5 0.0
7.5 15.0 0.0
10.0 0.0 0.0
10.0 2.5 0.0
10.0 5.0 0.0
10.0 7.5 0.0
10.0 10.0 0.0
10.0 12.5 0.0
10.0 15.0 0.0
12.5 0.0 0.0
12.5 2.5 0.0
12.5 5.0 0.0
12.5 7.5 0.0
12.5 10.0 0.0
12.5 12.5 0.0
12.5 15.0 0.0
15.0 0.0 0.0
15.0 2.5 0.0
15.0 5.0 0.0
15.0 7.5 0.0
15.0 10.0 0.0
15.0 12.5 0.0
15.0 15.0 0.0
0.0 0.0 0.0
0.0 2.5 0.0
0.0 5.0 0.0
0.0 7.5 0.0
0.0 10.0 0.0
0.0 12.5 0.0
0.0 15.0 0.0
2.5 0.0 0.0
2.5 2.5 0.0
2.5 5.0 0.0
2.5 7.5 0.0
2.5 10.0 0.0
2.5 12.5 0.0
2.5 15.0 0.0
5.0 0.0 0.0
5.0 2.5 0.0
5.0 5.0 0.0
5.0 7.5 0.0
5.0 10.0 0.0
5.0 12.5 0.0
5.0 15.0 0.0
7.5 0.0 0.0
7.5 2.5 0.0
7.5 5.0 0.0
7.5 7.5 0.0
7.5 10.0 0.0
7.5 12.5 0.0
7.5 15.0 0.0
10.0 0.0 0.0
10.0 2.5 0.0
10.0 5.0 0.0
10.0 7.5 0.0
10.0 10.0 0.0
10.0 12.5 0.0
10.0 15.0 0.0
12.5 0.0 0.0
12.5 2.5 0.0
12.5 5.0 0.0
12.5 7.5 0.0
12.5 10.0 0.0
12.5 12.5 0.0
12.5 15.0 0.0
15.0 0.0 0.0
15.0 2.5 0.0
15.0 5.0 0.0
15.0 7.5 0.0
15.0 10.0 0.0
15.0 12.5 0.0
15.0 15.0 0.0
0.0 0.0 0.0
0.0 2.5 0.0
0.0 5.0 0.0
0.0 7.5 0.0
0.0 10.0 0.0
0.0 12.5 0.0
0.0 15.0 0.0
2.5 0.0 0.0
2.5 2.5 0.0
2.5 5.0 0.0
2.5 7.5 0.0
2.5 10.0 0.0
2.5 12.5 0.0
2.5 15.0 0.0
5.0 0.0 0.0
5.0 2.5 0.0
5.0 5.0 0.0
5.0 7.5 0.0
5.0 10.0 0.0
5.0 12.5 0.0
5.0 15.0 0.0
7.5 0.0 0.0
7.5 2.5 0.0
7.5 5.0 0.0
7.5 7.5 0.0
7.5 10.0 0.0
7.5 12.5 0.0
7.5 15.0 0.0
10.0 0.0 0.0
10.0 2.5 0.0
10.0 5.0 0.0
10.0 7.5 0.0
10.0 10.0 0.0
10.0 12.5 0.0
10.0 15.0 0.0
12.5 0.0 0.0
12.5 2.5 0.0
12.5 5.0 0.0
12.5 7.5 0.0
12.5 10.0 0.0
12.5 12.5 0.0
12.5 15.0 0.0
15.0 0.0 0.0
15.0 2.5 0.0
15.0 5.0 0.0
15.0 7.5 0.0
15.0 10.0 0.0
15.0 12.5 0.0
15.0 15.0 0.0
0.0 0.0 0.0
0.0 2.5 0.0
0.0 5.0 0.0
0.0 7.5 0.0
0.0 10.0 0.0
0.0 12.5 0.0
0.0 15.0 0.0
2.5 0.0 0.0
2.5 2.5 0.0
2.5 5.0 0.0
2.5 7.5 0.0
2.5 10.0 0.0
2.5 12.5 0.0
2.5 15.0 0.0
5.0 0.0 0.0
5.0 2.5 0.0
5.0 5.0 0.0
5.0 7.5 0.0
5.0 10.0 0.0
5.0 12.5 0.0
5.0 15.0 0.0
7.5 0.0 0.0
7.5 2.5 0.0
7.5 5.0 0.0
7.5 7.5 0.0
7.5 10.0 0.0
7.5 12.5 0.0
7.5 15.0 0.0
10.0 0.0 0.0
10.0 2.5 0.0
10.0 5.0 0.0
10.0 7.5 0.0
10.0 10.0 0.0
10.0 12.5 0.0
10.0 15.0 0.0
12.5 0.0 0.0
12.5 2.5 0.0
12.5 5.0 0.0
12.5 7.5 0.0
12.5 10.0 0.0
12.5 12.5 0.0
12.5 15.0 0.0
15.0 0.0 0.0
15.0 2.5 0.0
15.0 5.0 0.0
15.0 7.5 0.0
15.0 10.0 0.0
15.0 12.5 0.0
15.0 15.0 0.0
0.0 0.0 0.0
0.0 2.5 0.0
0.0 5.0 0.0
0.0 7.5 0.0
0.0 10.0 0.0
0.0 12.5 0.0
0.0 15.0 0.0
2.5 0.0 0.0
2.5 2.5 0.0
2.5 5.0 0.0
2.5 7.5 0.0
2.5 10.0 0.0
2.5 12.5 0.0
2.5 15.0 0.0
5.0 0.0 0.0
5.0 2.5 0.0
5.0 5.0 0.0
5.0 7.5 0.0
5.0 10.0 0.0
5.0 12.5 0.0
5.0 15.0 0.0
7.5 0.0 0.0
7.5 2.5 0.0
7.5 5.0 0.0
7.5 7.5 0.0
7.5 10.0 0.0
7.5 12.5 0.0
7.5 15.0 0.0
10.0 0.0 0.0
10.0 2.5 0.0
10.0 5.0 0.0
10.0 7.5 0.0
10.0 10.0 0.0
10.0 12.5 0.0
10.0 15.0 0.0
12.5 0.0 0.0
12.5 2.5 0.0
12.5 5.0 0.0
12.5 7.5 0.0
12.5 10.0 0.0
12.5 12.5 0.0
12.5 15.0 0.0
15.0 0.0 0.0
15.0 2.5 0.0
15.0 5.0 0.0
15.0 7.5 0.0
15.0 10.0 0.0
15.0 12.5 0.0
15.0 15.0 0.0
0.0 0.0 0.0
0.0 2.5 0.0
0.0 5.0 0.0
0.0 7.5 0.0
0.0 10.0 0.0
0.0 12.5 0.0
0.0 15.0 0.0
2.5 0.0 0.0
2.5 2.5 0.0
2.5 5.0 0.0
2.5 7.5 0.0
2.5 10.0 0.0
2.5 12.5 0.0
2.5 15.0 0.0
5.0 0.0 0.0
5.0 2.5 0.0
5.0 5.0 0.0
5.0 7.5 0.0
5.0 10.0 0.0
5.0 12.5 0.0
5.0 15.0 0.0
7.5 0.0 0.0
7.5 2.5 0.0
7.5 5.0 0.0
7.5 7.5 0.0
7.5 10.0 0.0
7.5 12.5 0.0
7.5 15.0 0.0
10.0 0.0 0.0
10.0 2.5 0.0
10.0 5.0 0.0
10.0 7.5 0.0
10.0 10.0 0.0
10.0 12.5 0.0
10.0 15.0 0.0
12.5 0.0 0.0
12.5 2.5 0.0
12.5 5.0 0.0
12.5 7.5 0.0
12.5 10.0 0.0
12.5 12.5 0.0
12.5 15.0 0.0
15.0 0.0 0.0
15.0 2.5 0.0
15.0 5.0 0.0
15.0 7.5 0.0
15.0 10.0 0.0
15.0 12.5 0.0
15.0 15.0 0.0
0.0 0.0 0.0
0.0 2.5 0.0
0.0 5.0 0.0
0.0 7.5 0.0
0.0 10.0 0.0
0.0 12.5 0.0
0.0 15.0 0.0
2.5 0.0 0.0
2.5 2.5 0.0
2.5 5.0 0.0
2.5 7.5 0.0
2.5 10.0 0.0
2.5 12.5 0.0
2.5 15.0 0.0
5.0 0.0 0.0
5.0 2.5 0.0
5.0 5.0 0.0
5.0 7.5 0.0
5.0 10.0 0.0
5.0 12.5 0.0
5.0 15.0 0.0
7.5 0.0 0.0
7.5 2.5 0.0
7.5 5.0 0.0
7.5 7.5 0.0
7.5 10.0 0.0
7.5 12.5 0.0
7.5 15.0 0.0
10.0 0.0 0.0
10.0 2.5 0.0
10.0 5.0 0.0
10.0 7.5 0.0
10.0 10.0 0.0
10.0 12.5 0.0
10.0 15.0 0.0
12.5 0.0 0.0
12.5 2.5 0.0
12.5 5.0 0.0
12.5 7.5 0.0
12.5 10.0 0.0
12.5 12.5 0.0
12.5 15.0 0.0
15.0 0.0 0.0
15.0 2.5 0.0
15.0 5.0 0.0
15.0 7.5 0.0
15.0 10.0 0.0
15.0 12.5 0.0
15.0 15.0 0.0
0.0 0.0 0.0
0.0 2.5 0.0
0.0 5.0 0.0
0.0 7.5 0.0
0.0 10.0 0.0
0.0 12.5 0.0
0.0 15.0 0.0
2.5 0.0 0.0
2.5 2.5 0.0
2.5 5.0 0.0
2.5 7.5 0.0
2.5 10.0 0.0
2.5 12.5 0.0
2.5 15.0 0.0
5.0 0.0 0.0
5.0 2.5 0.0
5.0 5.0 0.0
5.0 7.5 0.0
5.0 10.0 0.0
5.0 12.5 0.0
5.0 15.0 0.0
7.5 0.0 0.0
7.5 2.5 0.0
7.5 5.0 0.0
7.5 7.5 0.0
7.5 10.0 0.0
7.5 12.5 0.0
7.5 15.0 0.0
10.0 0.0 0.0
10.0 2.5 0.0
10.0 5.0 0.0
10.0 7.5 0.0
10.0 10.0 0.0
10.0 12.5 0.0
10.0 15.0 0.0
12.5 0.0 0.0
12.5 2.5 0.0
12.5 5.0 0.0
12.5 7.5 0.0
12.5 10.0 0.0
12.5 12.5 0.0
12.5 15.0 0.0
15.0 0.0 0.0
15.0 2.5 0.0
15.0 5.0 0.0
15.0 7.5 0.0
15.0 10.0 0.0
15.0 12.5 0.0
15.0 15.0 0.0
0.0 0.0 0.0
0.0 2.5 0.0
0.0 5.0 0.0
0.0 7.5 0.0
0.0 10.0 0.0
0.0 12.5 0.0
0.0 15.0 0.0
2.5 0.0 0.0
2.5 2.5 0.0
2.5 5.0 0.0
2.5 7.5 0.0
2.5 10.0 0.0
2.5 12.5 0.0
2.5 15.0 0.0
5.0 0.0 0.0
5.0 2.5 0.0
5.0 5.0 0.0
5.0 7.5 0.0
5.0 10.0 0.0
5.0 12.5 0.0
5.0 15.0 0.0
7.5 0.0 0.0
7.5 2.5 0.0
7.5 5.0 0.0
7.5 7.5 0.0
7.5 10.0 0.0
7.5 12.5 0.0
7.5 15.0 0.0
10.0 0.0 0.0
10.0 2.5 0.0
10.0 5.0 0.0
10.0 7.5 0.0
10.0 10.0 0.0
10.0 12.5 0.0
10.0 15.0 0.0
12.5 0.0 0.0
12.5 2.5 0.0
12.5 5.0 0.0
12.5 7.5 0.0
12.5 10.0 0.0
12.5 12.5 0.0
12.5 15.0 0.0
15.0 0.0 0.0
15.0 2.5 0.0
15.0 5.0 0.0
15.0 7.5 0.0
15.0 10.0 0.0
15.0 12.5 0.0
15.0 15.0 0.0
0.0 0.0 0.0
0.0 2.5 0.0
0.0 5.0 0.0
0.0 7.5 0.0
0.0 10.0 0.0
0.0 12.5 0.0
0.0 15.0 0.0
2.5 0.0 0.0
2.5 2.5 0.0
2.5 5.0 0.0
2.5 7.5 0.0
2.5 10.0 0.0
2.5 12.5 0.0
2.5 15.0 0.0
5.0 0.0 0.0
5.0 2.5 0.0
5.0 5.0 0.0
5.0 7.5 0.0
5.0 10.0 0.0
5.0 12.5 0.0
5.0 15.0 0.0
7.5 0.0 0.0
7.5 2.5 0.0
7.5 5.0 0.0
7.5 7.5 0.0
7.5 10.0 0.0
7.5 12.5 0.0
7.5 15.0 0.0
10.0 0.0 0.0
10.0 2.5 0.0
10.0 5.0 0.0
10.0 7.5 0.0
10.0 10.0 0.0
10.0 12.5 0.0
10.0 15.0 0.0
12.5 0.0 0.0
12.5 2.5 0.0
12.5 5.0 0.0
12.5 7.5 0.0
12.5 10.0 0.0
12.5 12.5 0.0
12.5 15.0 0.0
15.0 0.0 0.0
15.0 2.5 0.0
15.0 5.0 0.0
15.0 7.5 0.0
15.0 10.0 0.0
15.0 12.5 0.0
15.0 15.0 0.0
0.0 0.0 0.0
0.0 2.5 0.0
0.0 5.0 0.0
0.0 7.5 0.0
0.0 10.0 0.0
0.0 12.5 0.0
0.0 15.0 0.0
2.5 0.0 0.0
2.5 2.5 0.0
2.5 5.0 0.0
2.5 7.5 0.0
2.5 10.0 0.0
2.5 12.5 0.0
2.5 15.0 0.0
5.0 0.0 0.0
5.0 2.5 0.0
5.0 5.0 0.0
5.0 7.5 0.0
5.0 10.0 0.0
5.0 12.5 0.0
5.0 15.0 0.0
7.5 0.0 0.0
7.5 2.5 0.0
7.5 5.0 0.0
7.5 7.5 0.0
7.5 10.0 0.0
7.5 12.5 0.0
7.5 15.0 0.0
10.0 0.0 0.0
10.0 2.5 0.0
10.0 5.0 0.0
10.0 7.5 0.0
10.0 10.0 0.0
10.0 12.5 0.0
10.0 15.0 0.0
12.5 0.0 0.0
12.5 2.5 0.0
12.5 5.0 0.0
12.5 7.5 0.0
12.5 10.0 0.0
12.5 12.5 0.0
12.5 15.0 0.0
15.0 0.0 0.0
15.0 2.5 0.0
15.0 5.0 0.0
15.0 7.5 0.0
15.0 10.0 0.0
15.0 12.5 0.0
15.0 15.0 0.0
0.0 0.0 0.0
0.0 2.5 0.0
0.0 5.0 0.0
0.0 7.5 0.0
0.0 10.0 0.0
0.0 12.5 0.0
0.0 15.0 0.0
2.5 0.0 0.0
2.5 2.5 0.0
2.5 5.0 0.0
2.5 7.5 0.0
2.5 10.0 0.0
2.5 12.5 0.0
2.5 15.0 0.0
5.0 0.0 0.0
5.0 2.5 0.0
5.0 5.0 0.0
5.0 7.5 0.0
5.0 10.0 0.0
5.0 12.5 0.0
5.0 15.0 0.0
7.5 0.0 0.0
7.5 2.5 0.0
7.5 5.0 0.0
7.5 7.5 0.0
7.5 10.0 0.0
7.5 12.5 0.0
7.5 15.0 0.0
10.0 0.0 0.0
10.0 2.5 0.0
10.0 5.0 0.0
10.0 7.5 0.0
10.0 10.0 0.0
10.0 12.5 0.0
10.0 15.0 0.0
12.5 0.0 0.0
12.5 2.5 0.0
12.5 5.0 0.0
12.5 7.5 0.0
12.5 10.0 0.0
12.5 12.5 0.0
12.5 15.0 0.0
15.0 0.0 0.0
15.0 2.5 0.0
15.0 5.0 0.0
15.0 7.5 0.0
15.0 10.0 0.0
15.0 12.5 0.0
15.0 15.0 0.0
0.0 0.0 0.0
0.0 2.5 0.0
0.0 5.0 0.0
0.0 7.5 0.0
0.0 10.0 0.0
0.0 12.5 0.0
0.0 15.0 0.0
2.5 0.0 0.0
2.5 2.5 0.0
2.5 5.0 0.0
2.5 7.5 0.0
2.5 10.0 0.0
2.5 12.5 0.0
2.5 15.0 0.0
5.0 0.0 0.0
5.0 2.5 0.0
5.0 5.0 0.0
5.0 7.5 0.0
5.0 10.0 0.0
5.0 12.5 0.0
5.0 15.0 0.0
7.5 0.0 0.0
7.5 2.5 0.0
7.5 5.0 0.0
7.5 7.5 0.0
7.5 10.0 0.0
7.5 12.5 0.0
7.5 15.0 0.0
10.0 0.0 0.0
10.0 2.5 0.0
10.0 5.0 0.0
10.0 7.5 0.0
10.0 10.0 0.0
10.0 12.5 0.0
10.0 15.0 0.0
12.5 0.0 0.0
12.5 2.5 0.0
12.5 5.0 0.0
12.5 7.5 0.0
12.5 10.0 0.0
12.5 12.5 0.0
12.5 15.0 0.0
15.0 0.0 0.0
15.0 2.5 0.0
15.0 5.0 0.0
15.0 7.5 0.0
15.0 10.0 0.0
15.0 12.5 0.0
15.0 15.0 0.0
0.0 0.0 0.0
0.0 2.5 0.0
0.0 5.0 0.0
0.0 7.5 0.0
0.0 10.0 0.0
0.0 12.5 0.0
0.0 15.0 0.0
2.5 0.0 0.0
2.5 2.5 0.0
2.5 5.0 0.0
2.5 7.5 0.0
2.5 10.0 0.0
2.5 12.5 0.0
2.5 15.0 0.0
5.0 0.0 0.0
5.0 2.5 0.0
5.0 5.0 0.0
5.0 7.5 0.0
5.0 10.0 0.0
5.0 12.5 0.0
5.0 15.0 0.0
7.5 0.0 0.0
7.5 2.5 0.0
7.5 5.0 0.0
7.5 7.5 0.0
7.5 10.0 0.0
7.5 12.5 0.0
7.5 15.0 0.0
10.0 0.0 0.0
10.0 2.5 0.0
10.0 5.0 0.0
10.0 7.5 0.0
10.0 10.0 0.0
10.0 12.5 0.0
10.0 15.0 0.0
12.5 0.0 0.0
12.5 2.5 0.0
12.5 5.0 0.0
12.5 7.5 0.0
12.5 10.0 0.0
12.5 12.5 0.0
12.5 15.0 0.0
15.0 0.0 0.0
15.0 2.5 0.0
15.0 5.0 0.0
15.0 7.5 0.0
15.0 10.0 0.0
15.0 12.5 0.0
15.0 15.0 0.0
0.0 0.0 0.0
0.0 2.5 0.0
0.0 5.0 0.0
0.0 7.5 0.0
0.0 10.0 0.0
0.0 12.5 0.0
0.0 15.0 0.0
2.5 0.0 0.0
2.5 2.5 0.0
2.5 5.0 0.0
2.5 7.5 0.0
2.5 10.0 0.0
2.5 12.5 0.0
2.5 15.0 0.0
5.0 0.0 0.0
5.0 2.5 0.0
5.0 5.0 0.0
5.0 7.5 0.0
5.0 10.0 0.0
5.0 12.5 0.0
5.0 15.0 0.0
7.5 0.0 0.0
7.5 2.5 0.0
7.5 5.0 0.0
7.5 7.5 0.0
7.5 10.0 0.0
7.5 12.5 0.0
7.5 15.0 0.0
10.0 0.0 0.0
10.0 2.5 0.0
10.0 5.0 0.0
10.0 7.5 0.0
10.0 10.0 0.0
10.0 12.5 0.0
10.0 15.0 0.0
12.5 0.0 0.0
12.5 2.5 0.0
12.5 5.0 0.0
12.5 7.5 0.0
12.5 10.0 0.0
12.5 12.5 0.0
12.5 15.0 0.0
15.0 0.0 0.0
15.0 2.5 0.0
15.0 5.0 0.0
15.0 7.5 0.0
15.0 10.0 0.0
15.0 12.5 0.0
15.0 15.0 0.0
0.0 0.0 0.0
0.0 2.5 0.0
0.0 5.0 0.0
0.0 7.5 0.0
0.0 10.0 0.0
0.0 12.5 0.0
0.0 15.0 0.0
2.5 0.0 0.0
2.5 2.5 0.0
2.5 5.0 0.0
2.5 7.5 0.0
2.5 10.0 0.0
2.5 12.5 0.0
2.5 15.0 0.0
5.0 0.0 0.0
5.0 2.5 0.0
5.0 5.0 0.0
5.0 7.5 0.0
5.0 10.0 0.0
5.0 12.5 0.0
5.0 15.0 0.0
7.5 0.0 0.0
7.5 2.5 0.0
7.5 5.0 0.0
7.5 7.5 0.0
7.5 10.0 0.0
7.5 12.5 0.0
7.5 15.0 0.0
10.0 0.0 0.0
10.0 2.5 0.0
10.0 5.0 0.0
10.0 7.5 0.0
10.0 10.0 0.0
10.0 12.5 0.0
10.0 15.0 0.0
12.5 0.0 0.0
12.5 2.5 0.0
12.5 5.0 0.0
12.5 7.5 0.0
12.5 10.0 0.0
12.5 12.5 0.0
12.5 15.0 0.0
15.0 0.0 0.0
15.0 2.5 0.0
15.0 5.0 0.0
15.0 7.5 0.0
15.0 10.0 0.0
15.0 12.5 0.0
15.0 15.0 0.0
0.0 0.0 0.0
0.0 2.5 0.0
0.0 5.0 0.0
0.0 7.5 0.0
0.0 10.0 0.0
0.0 12.5 0.0
0.0 15.0 0.0
2.5 0.0 0.0
2.5 2.5 0.0
2.5 5.0 0.0
2.5 7.5 0.0
2.5 10.0 0.0
2.5 12.5 0.0
2.5 15.0 0.0
5.0 0.0 0.0
5.0 2.5 0.0
5.0 5.0 0.0
5.0 7.5 0.0
5.0 10.0 0.0
5.0 12.5 0.0
5.0 15.0 0.0
7.5 0.0 0.0
7.5 2.5 0.0
7.5 5.0 0.0
7.5 7.5 0.0
7.5 10.0 0.0
7.5 12.5 0.0
7.5 15.0 0.0
10.0 0.0 0.0
10.0 2.5 0.0
10.0 5.0 0.0
10.0 7.5 0.0
10.0 10.0 0.0
10.0 12.5 0.0
10.0 15.0 0.0
12.5 0.0 0.0
12.5 2.5 0.0
12.5 5.0 0.0
12.5 7.5 0.0
12.5 10.0 0.0
12.5 12.5 0.0
12.5 15.0 0.0
15.0 0.0 0.0
15.0 2.5 0.0
15.0 5.0 0.0
15.0 7.5 0.0
15.0 10.0 0.0
15.0 12.5 0.0
15.0 15.0 0.0
0.0 0.0 0.0
0.0 2.5 0.0
0.0 5.0 0.0
0.0 7.5 0.0
0.0 10.0 0.0
0.0 12.5 0.0
0.0 15.0 0.0
2.5 0.0 0.0
2.5 2.5 0.0
2.5 5.0 0.0
2.5 7.5 0.0
2.5 10.0 0.0
2.5 12.5 0.0
2.5 15.0 0.0
5.0 0.0 0.0
5.0 2.5 0.0
5.0 5.0 0.0
5.0 7.5 0.0
5.0 10.0 0.0
5.0 12.5 0.0
5.0 15.0 0.0
7.5 0.0 0.0
7.5 2.5 0.0
7.5 5.0 0.0
7.5 7.5 0.0
7.5 10.0 0.0
7.5 12.5 0.0
7.5 15.0 0.0
10.0 0.0 0.0
10.0 2.5 0.0
10.0 5.0 0.0
10.0 7.5 0.0
10.0 10.0 0.0
10.0 12.5 0.0
10.0 15.0 0.0
12.5 0.0 0.0
12.5 2.5 0.0
12.5 5.0 0.0
12.5 7.5 0.0
12.5 10.0 0.0
12.5 12.5 0.0
12.5 15.0 0.0
15.0 0.0 0.0
15.0 2.5 0.0
15.0 5.0 0.0
15.0 7.5 0.0
15.0 10.0 0.0
15.0 12.5 0.0
15.0 15.0 0.0
0.0 0.0 0.0
0.0 2.5 0.0
0.0 5.0 0.0
0.0 7.5 0.0
0.0 10.0 0.0
0.0 12.5 0.0
0.0 15.0 0.0
2.5 0.0 0.0
2.5 2.5 0.0
2.5 5.0 0.0
2.5 7.5 0.0
2.5 10.0 0.0
2.5 12.5 0.0
2.5 15.0 0.0
5.0 0.0 0.0
5.0 2.5 0.0
5.0 5.0 0.0
5.0 7.5 0.0
5.0 10.0 0.0
5.0 12.5 0.0
5.0 15.0 0.0
7.5 0.0 0.0
7.5 2.5 0.0
7.5 5.0 0.0
7.5 7.5 0.0
7.5 10.0 0.0
7.5 12.5 0.0
7.5 15.0 0.0
10.0 0.0 0.0
10.0 2.5 0.0
10.0 5.0 0.0
10.0 7.5 0.0
10.0 10.0 0.0
10.0 12.5 0.0
10.0 15.0 0.0
12.5 0.0 0.0
12.5 2.5 0.0
12.5 5.0 0.0
12.5 7.5 0.0
12.5 10.0 0.0
12.5 12.5 0.0
12.5 15.0 0.0
15.0 0.0 0.0
15.0 2.5 0.0
15.0 5.0 0.0
15.0 7.5 0.0
15.0 10.0 0.0
15.0 12.5 0.0
15.0 15.0 0.0
0.0 0.0 0.0
0.0 2.5 0.0
0.0 5.0 0.0
0.0 7.5 0.0
0.0 10.0 0.0
0.0 12.5 0.0
0.0 15.0 0.0
2.5 0.0 0.0
2.5 2.5 0.0
2.5 5.0 0.0
2.5 7.5 0.0
2.5 10.0 0.0
2.5 12.5 0.0
2.5 15.0 0.0
5.0 0.0 0.0
5.0 2.5 0.0
5.0 5.0 0.0
5.0 7.5 0.0
5.0 10.0 0.0
5.0 12.5 0.0
5.0 15.0 0.0
7.5 0.0 0.0
7.5 2.5 0.0
7.5 5.0 0.0
7.5 7.5 0.0
7.5 10.0 0.0
7.5 12.5 0.0
7.5 15.0 0.0
10.0 0.0 0.0
10.0 2.5 0.0
10.0 5.0 0.0
10.0 7.5 0.0
10.0 10.0 0.0
10.0 12.5 0.0
10.0 15.0 0.0
12.5 0.0 0.0
12.5 2.5 0.0
12.5 5.0 0.0
12.5 7.5 0.0
12.5 10.0 0.0
12.5 12.5 0.0
12.5 15.0 0.0
15.0 0.0 0.0
15.0 2.5 0.0
15.0 5.0 0.0
15.0 7.5 0.0
15.0 10.0 0.0
15.0 12.5 0.0
15.0 15.0 0.0
0.0 0.0 0.0
0.0 2.5 0.0
0.0 5.0 0.0
0.0 7.5 0.0
0.0 10.0 0.0
0.0 12.5 0.0
0.0 15.0 0.0
2.5 0.0 0.0
2.5 2.5 0.0
2.5 5.0 0.0
2.5 7.5 0.0
2.5 10.0 0.0
2.5 12.5 0.0
2.5 15.0 0.0
5.0 0.0 0.0
5.0 2.5 0.0
5.0 5.0 0.0
5.0 7.5 0.0
5.0 10.0 0.0
5.0 12.5 0.0
5.0 15.0 0.0
7.5 0.0 0.0
7.5 2.5 0.0
7.5 5.0 0.0
7.5 7.5 0.0
7.5 10.0 0.0
7.5 12.5 0.0
7.5 15.0 0.0
10.0 0.0 0.0
10.0 2.5 0.0
10.0 5.0 0.0
10.0 7.5 0.0
10.0 10.0 0.0
10.0 12.5 0.0
10.0 15.0 0.0
12.5 0.0 0.0
12.5 2.5 0.0
12.5 5.0 0.0
12.5 7.5 0.0
12.5 10.0 0.0
12.5 12.5 0.0
12.5 15.0 0.0
15.0 0.0 0.0
15.0 2.5 0.0
15.0 5.0 0.0
15.0 7.5 0.0
15.0 10.0 0.0
15.0 12.5 0.0
15.0 15.0 0.0
0.0 0.0 0.0
0.0 2.5 0.0
0.0 5.0 0.0
0.0 7.5 0.0
0.0 10.0 0.0
0.0 12.5 0.0
0.0 15.0 0.0
2.5 0.0 0.0
2.5 2.5 0.0
2.5 5.0 0.0
2.5 7.5 0.0
2.5 10.0 0.0
2.5 12.5 0.0
2.5 15.0 0.0
5.0 0.0 0.0
5.0 2.5 0.0
5.0 5.0 0.0
5.0 7.5 0.0
5.0 10.0 0.0
5.0 12.5 0.0
5.0 15.0 0.0
7.5 0.0 0.0
7.5 2.5 0.0
7.5 5.0 0.0
7.5 7.5 0.0
7.5 10.0 0.0
7.5 12.5 0.0
7.5 15.0 0.0
10.0 0.0 0.0
10.0 2.5 0.0
10.0 5.0 0.0
10.0 7.5 0.0
10.0 10.0 0.0
10.0 12.5 0.0
10.0 15.0 0.0
12.5 0.0 0.0
12.5 2.5 0.0
12.5 5.0 0.0
12.5 7.5 0.0
12.5 10.0 0.0
12.5 12.5 0.0
12.5 15.0 0.0
15.0 0.0 0.0
15.0 2.5 0.0
15.0 5.0 0.0
15.0 7.5 0.0
15.0 10.0 0.0
15.0 12.5 0.0
15.0 15.0 0.0
0.0 0.0 0.0
0.0 2.5 0.0
0.0 5.0 0.0
0.0 7.5 0.0
0.0 10.0 0.0
0.0 12.5 0.0
0.0 15.0 0.0
2.5 0.0 0.0
2.5 2.5 0.0
2.5 5.0 0.0
2.5 7.5 0.0
2.5 10.0 0.0
2.5 12.5 0.0
2.5 15.0 0.0
5.0 0.0 0.0
5.0 2.5 0.0
5.0 5.0 0.0
5.0 7.5 0.0
5.0 10.0 0.0
5.0 12.5 0.0
5.0 15.0 0.0
7.5 0.0 0.0
7.5 2.5 0.0
7.5 5.0 0.0
7.5 7.5 0.0
7.5 10.0 0.0
7.5 12.5 0.0
7.5 15.0 0.0
10.0 0.0 0.0
10.0 2.5 0.0
10.0 5.0 0.0
10.0 7.5 0.0
10.0 10.0 0.0
10.0 12.5 0.0
10.0 15.0 0.0
12.5 0.0 0.0
12.5 2.5 0.0
12.5 5.0 0.0
12.5 7.5 0.0
12.5 10.0 0.0
12.5 12.5 0.0
12.5 15.0 0.0
15.0 0.0 0.0
15.0 2.5 0.0
15.0 5.0 0.0
15.0 7.5 0.0
15.0 10.0 0.0
15.0 12.5 0.0
15.0 15.0 0.0
0.0 0.0 0.0
0.0 2.5 0.0
0.0 5.0 0.0
0.0 7.5 0.0
0.0 10.0 0.0
0.0 12.5 0.0
0.0 15.0 0.0
2.5 0.0 0.0
2.5 2.5 0.0
2.5 5.0 0.0
2.5 7.5 0.0
2.5 10.0 0.0
2.5 12.5 0.0
2.5 15.0 0.0
5.0 0.0 0.0
5.0 2.5 0.0
5.0 5.0 0.0
5.0 7.5 0.0
5.0 10.0 0.0
5.0 12.5 0.0
5.0 15.0 0.0
7.5 0.0 0.0
7.5 2.5 0.0
7.5 5.0 0.0
7.5 7.5 0.0
7.5 10.0 0.0
7.5 12.5 0.0
7.5 15.0 0.0
10.0 0.0 0.0
10.0 2.5 0.0
10.0 5.0 0.0
10.0 7.5 0.0
10.0 10.0 0.0
10.0 12.5 0.0
10.0 15.0 0.0
12.5 0.0 0.0
12.5 2.5 0.0
12.5 5.0 0.0
12.5 7.5 0.0
12.5 10.0 0.0
12.5 12.5 0.0
12.5 15.0 0.0
15.0 0.0 0.0
15.0 2.5 0.0
15.0 5.0 0.0
15.0 7.5 0.0
15.0 10.0 0.0
15.0 12.5 0.0
15.0 15.0 0.0
0.0 0.0 0.0
0.0 2.5 0.0
0.0 5.0 0.0
0.0 7.5 0.0
0.0 10.0 0.0
0.0 12.5 0.0
0.0 15.0 0.0
2.5 0.0 0.0
2.5 2.5 0.0
2.5 5.0 0.0
2.5 7.5 0.0
2.5 10.0 0.0
2.5 12.5 0.0
2.5 15.0 0.0
5.0 0.0 0.0
5.0 2.5 0.0
5.0 5.0 0.0
5.0 7.5 0.0
5.0 10.0 0.0
5.0 12.5 0.0
5.0 15.0 0.0
7.5 0.0 0.0
7.5 2.5 0.0
7.5 5.0 0.0
7.5 7.5 0.0
7.5 10.0 0.0
7.5 12.5 0.0
7.5 15.0 0.0
10.0 0.0 0.0
10.0 2.5 0.0
10.0 5.0 0.0
10.0 7.5 0.0
10.0 10.0 0.0
10.0 12.5 0.0
10.0 15.0 0.0
12.5 0.0 0.0
12.5 2.5 0.0
12.5 5.0 0.0
12.5 7.5 0.0
12.5 10.0 0.0
12.5 12.5 0.0
12.5 15.0 0.0
15.0 0.0 0.0
15.0 2.5 0.0
15.0 5.0 0.0
15.0 7.5 0.0
15.0 10.0 0.0
15.0 12.5 0.0
15.0 15.0 0.0
0.0 0.0 0.0
0.0 2.5 0.0
0.0 5.0 0.0
0.0 7.5 0.0
0.0 10.0 0.0
0.0 12.5 0.0
0.0 15.0 0.0
2.5 0.0 0.0
2.5 2.5 0.0
2.5 5.0 0.0
2.5 7.5 0.0
2.5 10.0 0.0
2.5 12.5 0.0
2.5 15.0 0.0
5.0 0.0 0.0
5.0 2.5 0.0
5.0 5.0 0.0
5.0 7.5 0.0
5.0 10.0 0.0
5.0 12.5 0.0
5.0 15.0 0.0
7.5 0.0 0.0
7.5 2.5 0.0
7.5 5.0 0.0
7.5 7.5 0.0
7.5 10.0 0.0
7.5 12.5 0.0
7.5 15.0 0.0
10.0 0.0 0.0
10.0 2.5 0.0
10.0 5.0 0.0
10.0 7.5 0.0
10.0 10.0 0.0
10.0 12.5 0.0
10.0 15.0 0.0
12.5 0.0 0.0
12.5 2.5 0.0
12.5 5.0 0.0
12.5 7.5 0.0
12.5 10.0 0.0
12.5 12.5 0.0
12.5 15.0 0.0
15.0 0.0 0.0
15.0 2.5 0.0
15.0 5.0 0.0
15.0 7.5 0.0
15.0 10.0 0.0
15.0 12.5 0.0
15.0 15.0 0.0
0.0 0.0 0.0
0.0 2.5 0.0
0.0 5.0 0.0
0.0 7.5 0.0
0.0 10.0 0.0
0.0 12.5 0.0
0.0 15.0 0.0
2.5 0.0 0.0
2.5 2.5 0.0
2.5 5.0 0.0
2.5 7.5 0.0
2.5 10.0 0.0
2.5 12.5 0.0
2.5 15.0 0.0
5.0 0.0 0.0
5.0 2.5 0.0
5.0 5.0 0.0
5.0 7.5 0.0
5.0 10.0 0.0
5.0 12.5 0.0
5.0 15.0 0.0
7.5 0.0 0.0
7.5 2.5 0.0
7.5 5.0 0.0
7.5 7.5 0.0
7.5 10.0 0.0
7.5 12.5 0.0
7.5 15.0 0.0
10.0 0.0 0.0
10.0 2.5 0.0
10.0 5.0 0.0
10.0 7.5 0.0
10.0 10.0 0.0
10.0 12.5 0.0
10.0 15.0 0.0
12.5 0.0 0.0
12.5 2.5 0.0
12.5 5.0 0.0
12.5 7.5 0.0
12.5 10.0 0.0
12.5 12.5 0.0
12.5 15.0 0.0
15.0 0.0 0.0
15.0 2.5 0.0
15.0 5.0 0.0
15.0 7.5 0.0
15.0 10.0 0.0
15.0 12.5 0.0
15.0 15.0 0.0
0.0 0.0 0.0
0.0 2.5 0.0
0.0 5.0 0.0
0.0 7.5 0.0
0.0 10.0 0.0
0.0 12.5 0.0
0.0 15.0 0.0
2.5 0.0 0.0
2.5 2.5 0.0
2.5 5.0 0.0
2.5 7.5 0.0
2.5 10.0 0.0
2.5 12.5 0.0
2.5 15.0 0.0
5.0 0.0 0.0
5.0 2.5 0.0
5.0 5.0 0.0
5.0 7.5 0.0
5.0 10.0 0.0
5.0 12.5 0.0
5.0 15.0 0.0
7.5 0.0 0.0
7.5 2.5 0.0
7.5 5.0 0.0
7.5 7.5 0.0
7.5 10.0 0.0
7.5 12.5 0.0
7.5 15.0 0.0
10.0 0.0 0.0
10.0 2.5 0.0
10.0 5.0 0.0
10.0 7.5 0.0
10.0 10.0 0.0
10.0 12.5 0.0
10.0 15.0 0.0
12.5 0.0 0.0
12.5 2.5 0.0
12.5 5.0 0.0
12.5 7.5 0.0
12.5 10.0 0.0
12.5 12.5 0.0
12.5 15.0 0.0
15.0 0.0 0.0
15.0 2.5 0.0
15.0 5.0 0.0
15.0 7.5 0.0
15.0 10.0 0.0
15.0 12.5 0.0
15.0 15.0 0.0
0.0 0.0 0.0
0.0 2.5 0.0
0.0 5.0 0.0
0.0 7.5 0.0
0.0 10.0 0.0
0.0 12.5 0.0
0.0 15.0 0.0
2.5 0.0 0.0
2.5 2.5 0.0
2.5 5.0 0.0
2.5 7.5 0.0
2.5 10.0 0.0
2.5 12.5 0.0
2.5 15.0 0.0
5.0 0.0 0.0
5.0 2.5 0.0
5.0 5.0 0.0
5.0 7.5 0.0
5.0 10.0 0.0
5.0 12.5 0.0
5.0 15.0 0.0
7.5 0.0 0.0
7.5 2.5 0.0
7.5 5.0 0.0
7.5 7.5 0.0
7.5 10.0 0.0
7.5 12.5 0.0
7.5 15.0 0.0
10.0 0.0 0.0
10.0 2.5 0.0
10.0 5.0 0.0
10.0 7.5 0.0
10.0 10.0 0.0
10.0 12.5 0.0
10.0 15.0 0.0
12.5 0.0 0.0
12.5 2.5 0.0
12.5 5.0 0.0
12.5 7.5 0.0
12.5 10.0 0.0
12.5 12.5 0.0
12.5 15.0 0.0
15.0 0.0 0.0
15.0 2.5 0.0
15.0 5.0 0.0
15.0 7.5 0.0
15.0 10.0 0.0
15.0 12.5 0.0
15.0 15.0 0.0
0.0 0.0 0.0
0.0 2.5 0.0
0.0 5.0 0.0
0.0 7.5 0.0
0.0 10.0 0.0
0.0 12.5 0.0
0.0 15.0 0.0
2.5 0.0 0.0
2.5 2.5 0.0
2.5 5.0 0.0
2.5 7.5 0.0
2.5 10.0 0.0
2.5 12.5 0.0
2.5 15.0 0.0
5.0 0.0 0.0
5.0 2.5 0.0
5.0 5.0 0.0
5.0 7.5 0.0
5.0 10.0 0.0
5.0 12.5 0.0
5.0 15.0 0.0
7.5 0.0 0.0
7.5 2.5 0.0
7.5 5.0 0.0
7.5 7.5 0.0
7.5 10.0 0.0
7.5 12.5 0.0
7.5 15.0 0.0
10.0 0.0 0.0
10.0 2.5 0.0
10.0 5.0 0.0
10.0 7.5 0.0
10.0 10.0 0.0
10.0 12.5 0.0
10.0 15.0 0.0
12.5 0.0 0.0
12.5 2.5 0.0
12.5 5.0 0.0
12.5 7.5 0.0
12.5 10.0 0.0
12.5 12.5 0.0
12.5 15.0 0.0
15.0 0.0 0.0
15.0 2.5 0.0
15.0 5.0 0.0
15.0 7.5 0.0
15.0 10.0 0.0
15.0 12.5 0.0
15.0 15.0 0.0
0.0 0.0 0.0
0.0 2.5 0.0
0.0 5.0 0.0
0.0 7.5 0.0
0.0 10.0 0.0
0.0 12.5 0.0
0.0 15.0 0.0
2.5 0.0 0.0
2.5 2.5 0.0
2.5 5.0 0.0
2.5 7.5 0.0
2.5 10.0 0.0
2.5 12.5 0.0
2.5 15.0 0.0
5.0 0.0 0.0
5.0 2.5 0.0
5.0 5.0 0.0
5.0 7.5 0.0
5.0 10.0 0.0
5.0 12.5 0.0
5.0 15.0 0.0
7.5 0.0 0.0
7.5 2.5 0.0
7.5 5.0 0.0
7.5 7.5 0.0
7.5 10.0 0.0
7.5 12.5 0.0
7.5 15.0 0.0
10.0 0.0 0.0
10.0 2.5 0.0
10.0 5.0 0.0
10.0 7.5 0.0
10.0 10.0 0.0
10.0 12.5 0.0
10.0 15.0 0.0
12.5 0.0 0.0
12.5 2.5 0.0
12.5 5.0 0.0
12.5 7.5 0.0
12.5 10.0 0.0
12.5 12.5 0.0
12.5 15.0 0.0
15.0 0.0 0.0
15.0 2.5 0.0
15.0 5.0 0.0
15.0 7.5 0.0
15.0 10.0 0.0
15.0 12.5 0.0
15.0 15.0 0.0
0.0 0.0 0.0
0.0 2.5 0.0
0.0 5.0 0.0
0.0 7.5 0.0
0.0 10.0 0.0
0.0 12.5 0.0
0.0 15.0 0.0
2.5 0.0 0.0
2.5 2.5 0.0
2.5 5.0 0.0
2.5 7.5 0.0
2.5 10.0 0.0
2.5 12.5 0.0
2.5 15.0 0.0
5.0 0.0 0.0
5.0 2.5 0.0
5.0 5.0 0.0
5.0 7.5 0.0
5.0 10.0 0.0
5.0 12.5 0.0
5.0 15.0 0.0
7.5 0.0 0.0
7.5 2.5 0.0
7.5 5.0 0.0
7.5 7.5 0.0
7.5 10.0 0.0
7.5 12.5 0.0
7.5 15.0 0.0
10.0 0.0 0.0
10.0 2.5 0.0
10.0 5.0 0.0
10.0 7.5 0.0
10.0 10.0 0.0
10.0 12.5 0.0
10.0 15.0 0.0
12.5 0.0 0.0
12.5 2.5 0.0
12.5 5.0 0.0
12.5 7.5 0.0
12.5 10.0 0.0
12.5 12.5 0.0
12.5 15.0 0.0
15.0 0.0 0.0
15.0 2.5 0.0
15.0 5.0 0.0
15.0 7.5 0.0
15.0 10.0 0.0
15.0 12.5 0.0
15.0 15.0 0.0
0.0 0.0 0.0
0.0 2.5 0.0
0.0 5.0 0.0
0.0 7.5 0.0
0.0 10.0 0.0
0.0 12.5 0.0
0.0 15.0 0.0
2.5 0.0 0.0
2.5 2.5 0.0
2.5 5.0 0.0
2.5 7.5 0.0
2.5 10.0 0.0
2.5 12.5 0.0
2.5 15.0 0.0
5.0 0.0 0.0
5.0 2.5 0.0
5.0 5.0 0.0
5.0 7.5 0.0
5.0 10.0 0.0
5.0 12.5 0.0
5.0 15.0 0.0
7.5 0.0 0.0
7.5 2.5 0.0
7.5 5.0 0.0
7.5 7.5 0.0
7.5 10.0 0.0
7.5 12.5 0.0
7.5 15.0 0.0
10.0 0.0 0.0
10.0 2.5 0.0
10.0 5.0 0.0
10.0 7.5 0.0
10.0 10.0 0.0
10.0 12.5 0.0
10.0 15.0 0.0
12.5 0.0 0.0
12.5 2.5 0.0
12.5 5.0 0.0
12.5 7.5 0.0
12.5 10.0 0.0
12.5 12.5 0.0
12.5 15.0 0.0
15.0 0.0 0.0
15.0 2.5 0.0
15.0 5.0 0.0
15.0 7.5 0.0
15.0 10.0 0.0
15.0 12.5 0.0
15.0 15.0 0.0
0.0 0.0 0.0
0.0 2.5 0.0
0.0 5.0 0.0
0.0 7.5 0.0
0.0 10.0 0.0
0.0 12.5 0.0
0.0 15.0 0.0
2.5 0.0 0.0
2.5 2.5 0.0
2.5 5.0 0.0
2.5 7.5 0.0
2.5 10.0 0.0
2.5 12.5 0.0
2.5 15.0 0.0
5.0 0.0 0.0
5.0 2.5 0.0
5.0 5.0 0.0
5.0 7.5 0.0
5.0 10.0 0.0
5.0 12.5 0.0
5.0 15.0 0.0
7.5 0.0 0.0
7.5 2.5 0.0
7.5 5.0 0.0
7.5 7.5 0.0
7.5 10.0 0.0
7.5 12.5 0.0
7.5 15.0 0.0
10.0 0.0 0.0
10.0 2.5 0.0
10.0 5.0 0.0
10.0 7.5 0.0
10.0 10.0 0.0
10.0 12.5 0.0
10.0 15.0 0.0
12.5 0.0 0.0
12.5 2.5 0.0
12.5 5.0 0.0
12.5 7.5 0.0
12.5 10.0 0.0
12.5 12.5 0.0
12.5 15.0 0.0
15.0 0.0 0.0
15.0 2.5 0.0
15.0 5.0 0.0
15.0 7.5 0.0
15.0 10.0 0.0
15.0 12.5 0.0
15.0 15.0 0.0
0.0 0.0 0.0
0.0 2.5 0.0
0.0 5.0 0.0
0.0 7.5 0.0
0.0 10.0 0.0
0.0 12.5 0.0
0.0 15.0 0.0
2.5 0.0 0.0
2.5 2.5 0.0
2.5 5.0 0.0
2.5 7.5 0.0
2.5 10.0 0.0
2.5 12.5 0.0
2.5 15.0 0.0
5.0 0.0 0.0
5.0 2.5 0.0
5.0 5.0 0.0
5.0 7.5 0.0
5.0 10.0 0.0
5.0 12.5 0.0
5.0 15.0 0.0
7.5 0.0 0.0
7.5 2.5 0.0
7.5 5.0 0.0
7.5 7.5 0.0
7.5 10.0 0.0
7.5 12.5 0.0
7.5 15.0 0.0
10.0 0.0 0.0
10.0 2.5 0.0
10.0 5.0 0.0
10.0 7.5 0.0
10.0 10.0 0.0
10.0 12.5 0.0
10.0 15.0 0.0
12.5 0.0 0.0
12.5 2.5 0.0
12.5 5.0 0.0
12.5 7.5 0.0
12.5 10.0 0.0
12.5 12.5 0.0
12.5 15.0 0.0
15.0 0.0 0.0
15.0 2.5 0.0
15.0 5.0 0.0
15.0 7.5 0.0
15.0 10.0 0.0
15.0 12.5 0.0
15.0 15.0 0.0
0.0 0.0 0.0
0.0 2.5 0.0
0.0 5.0 0.0
0.0 7.5 0.0
0.0 10.0 0.0
0.0 12.5 0.0
0.0 15.0 0.0
2.5 0.0 0.0
2.5 2.5 0.0
2.5 5.0 0.0
2.5 7.5 0.0
2.5 10.0 0.0
2.5 12.5 0.0
2.5 15.0 0.0
5.0 0.0 0.0
5.0 2.5 0.0
5.0 5.0 0.0
5.0 7.5 0.0
5.0 10.0 0.0
5.0 12.5 0.0
5.0 15.0 0.0
7.5 0.0 0.0
7.5 2.5 0.0
7.5 5.0 0.0
7.5 7.5 0.0
7.5 10.0 0.0
7.5 12.5 0.0
7.5 15.0 0.0
10.0 0.0 0.0
10.0 2.5 0.0
10.0 5.0 0.0
10.0 7.5 0.0
10.0 10.0 0.0
10.0 12.5 0.0
10.0 15.0 0.0
12.5 0.0 0.0
12.5 2.5 0.0
12.5 5.0 0.0
12.5 7.5 0.0
12.5 10.0 0.0
12.5 12.5 0.0
12.5 15.0 0.0
15.0 0.0 0.0
15.0 2.5 0.0
15.0 5.0 0.0
15.0 7.5 0.0
15.0 10.0 0.0
15.0 12.5 0.0
15.0 15.0 0.0
0.0 0.0 0.0
0.0 2.5 0.0
0.0 5.0 0.0
0.0 7.5 0.0
0.0 10.0 0.0
0.0 12.5 0.0
0.0 15.0 0.0
2.5 0.0 0.0
2.5 2.5 0.0
2.5 5.0 0.0
2.5 7.5 0.0
2.5 10.0 0.0
2.5 12.5 0.0
2.5 15.0 0.0
5.0 0.0 0.0
5.0 2.5 0.0
5.0 5.0 0.0
5.0 7.5 0.0
5.0 10.0 0.0
5.0 12.5 0.0
5.0 15.0 0.0
7.5 0.0 0.0
7.5 2.5 0.0
7.5 5.0 0.0
7.5 7.5 0.0
7.5 10.0 0.0
7.5 12.5 0.0
7.5 15.0 0.0
10.0 0.0 0.0
10.0 2.5 0.0
10.0 5.0 0.0
10.0 7.5 0.0
10.0 10.0 0.0
10.0 12.5 0.0
10.0 15.0 0.0
12.5 0.0 0.0
12.5 2.5 0.0
12.5 5.0 0.0
12.5 7.5 0.0
12.5 10.0 0.0
12.5 12.5 0.0
12.5 15.0 0.0
15.0 0.0 0.0
15.0 2.5 0.0
15.0 5.0 0.0
15.0 7.5 0.0
15.0 10.0 0.0
15.0 12.5 0.0
15.0 15.0 0.0
0.0 0.0 0.0
0.0 2.5 0.0
0.0 5.0 0.0
0.0 7.5 0.0
0.0 10.0 0.0
0.0 12.5 0.0
0.0 15.0 0.0
2.5 0.0 0.0
2.5 2.5 0.0
2.5 5.0 0.0
2.5 7.5 0.0
2.5 10.0 0.0
2.5 12.5 0.0
2.5 15.0 0.0
5.0 0.0 0.0
5.0 2.5 0.0
5.0 5.0 0.0
5.0 7.5 0.0
5.0 10.0 0.0
5.0 12.5 0.0
5.0 15.0 0.0
7.5 0.0 0.0
7.5 2.5 0.0
7.5 5.0 0.0
7.5 7.5 0.0
7.5 10.0 0.0
7.5 12.5 0.0
7.5 15.0 0.0
10.0 0.0 0.0
10.0 2.5 0.0
10.0 5.0 0.0
10.0 7.5 0.0
10.0 10.0 0.0
10.0 12.5 0.0
10.0 15.0 0.0
12.5 0.0 0.0
12.5 2.5 0.0
12.5 5.0 0.0
12.5 7.5 0.0
12.5 10.0 0.0
12.5 12.5 0.0
12.5 15.0 0.0
15.0 0.0 0.0
15.0 2.5 0.0
15.0 5.0 0.0
15.0 7.5 0.0
15.0 10.0 0.0
15.0 12.5 0.0
15.0 15.0 0.0
